groseq_dht.plus	groseq_dht.plus	groseq_dht.minus	groseq_dht.minus	groseq_dmso.plus	groseq_dmso.plus	groseq_dmso.minus	groseq_dmso.minus
0	0.667	64.15	72.96	0	1.246	40.98	67.94
62.8	54.59	4.707	0.9713	58.22	48.97	0.944	1.201
32.97	31.08	32.97	8.891	34.92	25	25.32	10.21
6.746	8.09	47.72	9.222	13.4	11.15	55.67	17.92
11.12	12.85	25.43	32.85	7.363	2.803	23.9	40.32
3.573	0.3335	19.11	37.47	1.37	1.744	29.32	42.91
12.29	11.82	12.54	34.85	7.413	6.79	9.368	30.11
0	0.9528	25.99	19.42	0	0	47.64	20.24
0	0.9338	16.37	45.24	1.233	0.01246	13.82	30.81
9.986	7.461	19.81	16.2	9.942	7.886	23.3	13.07
0.7146	1.191	23	15.47	2.803	1.557	46.44	14.43
9.147	4.726	13.61	26.2	9.493	4.983	16.15	16.75
1.953	5.002	42.06	3.416	0	6.603	31.97	2.932
18.49	28.1	9.489	13.63	1.557	6.117	10.08	5.878
4.602	6.508	30.42	19.36	6.017	5.394	12.29	6.193
1.334	2.62	33.84	11.42	2.492	1.433	27.53	5.721
4.107	5.088	40.57	9.969	2.143	3.501	17.21	2.689
0	0.4764	6.404	22.15	0	0.9344	9.654	44.34
2.392	5.041	12.35	26.7	1.246	5.332	12.14	18.04
0.1048	0.848	21.72	11.52	0	0	19.81	26.16
6.651	12.06	19.86	10.83	9.231	6.964	8.682	4.906
0	2.096	18.25	13.26	0	1.221	26.85	14.26
0	0	34.68	12.09	0	0	16.02	11.16
5.002	4.907	24.5	8.166	6.665	6.416	15.52	2.503
1.639	1.01	11.87	7.152	2.143	1.246	27.46	19.02
2.334	1.667	20.01	16.28	0	1.993	16.73	12.16
0	0.667	20.6	15.05	0	1.744	17.23	14.09
0.7051	1.753	11.94	31.07	1.445	0	3.947	18.02
4.326	0.9147	13.91	11.37	3.027	2.977	20.54	10.07
0.5241	0.4288	22.58	9.873	0	4.485	17.09	10.94
0	0.4193	13.62	24.34	1.831	1.557	9.382	13.73
0	0.9528	20.06	3.149	4.709	1.321	29.55	4.091
5.126	4.879	12.36	11.61	5.133	1.171	14.95	8.224
1.782	2.258	7.077	8.955	5.133	4.186	20.04	12
1.458	0.4478	6.842	16.11	0	1.246	9.997	23.93
7.594	15.31	0.6831	2.711	5.656	23.72	0	3.69
0	0	25.67	2.135	0	0.3737	29.11	1.716
12.12	23.33	4.633	3.266	7.55	4.709	2.818	0.04291
1.906	2.763	16.92	5.764	2.367	7.849	17.66	2.861
1.906	1.048	31.43	8.166	1.246	0	9.44	4.148
6.432	4.24	9.073	13.88	6.354	1.557	3.433	9.44
0.1143	0.4764	9.222	21.67	2.492	1.57	3.833	14.9
0.667	1.525	9.286	10.78	0.6852	0.5606	13.94	16.81
0.9528	0	17.41	13.33	0	0	13.84	8.067
4.631	2.306	3.256	11.65	5.818	6.84	4.634	13.19
0	0.5526	9.863	5.444	0	0.09966	22.47	13.66
5.098	4.354	4.921	11.71	1.022	1.246	13.19	10.53
0.4574	1.963	6.116	14.42	0.6727	5.556	11.38	10.9
0.1334	0.8194	12.31	3.405	0.7973	1.694	29.59	1.788
3.021	1.744	17.2	15.33	0.5232	0.6229	6.136	5.492
2.01	4.354	14.19	4.195	2.404	1.557	13.59	6.636
0	0	18.36	6.02	0	0.3613	12.26	11.53
0.1715	0.7813	14.23	12.83	0.7973	0	6.45	12.14
0	0	2.882	9.927	0.8347	0.4111	7.967	24.93
4.526	2.773	19.3	5.935	0.5731	1.495	5.893	6.207
1.772	1.563	4.387	18.82	0.7599	0.4859	6.837	11.04
0	0	13.29	11.79	0	0	9.511	11.01
0.5336	0	5.529	8.219	0	0	15.56	15.48
0.7718	2.144	8.134	7.749	0.5482	0	12.49	13.34
6.851	3.211	8.368	2.54	4.161	4.56	8.038	6.179
0.9528	4.002	6.564	2.295	2.865	3.987	12.87	10.3
1.029	2.582	15.13	5.124	2.18	1.296	14.32	1.073
4.564	7.232	5.913	1.025	4.36	12.83	4.291	1.373
0	0.9528	8.539	7.664	0.8845	2.492	12.46	6.093
0	0.9528	18.48	3.127	1.669	0.8222	6.794	6.336
4.964	1.667	9.585	5.166	4.884	1.296	7.208	3.404
0.3716	3.649	14.01	0.6511	0	4.771	10.34	3.733
0.9528	4.764	6.468	8.304	4.186	7.3	4.291	0.8725
1.162	1.563	2.071	8.07	0.7599	1.383	5.95	15.5
13.9	9.9	0	0	5.718	4.149	1.43	1.316
7.289	5.479	4.75	4.163	5.668	5.793	1.573	1.287
2.62	5.784	6.981	9.511	2.093	2.267	1.101	5.206
0	1.315	15.75	1.58	0.7849	0.461	14.47	0
0	0	12.5	9.19	0	0	8.324	3.375
0	5.45	11.27	4.889	0.3862	7.064	2.861	1.144
0	0	6.938	5.871	1.246	0	7.509	10.37
3.344	5.708	4.814	4.323	3.513	6.927	1.702	1.159
6.193	6.67	1.067	2.135	7.163	5.295	0	1.43
3.03	1.868	14.98	9.468	0	0	0	0.4577
1.505	1.62	6.223	4.899	1.345	3.787	4.82	5.135
0.9528	0	4.91	13.15	0	0	2.632	7.38
0	0.9528	5.967	10.47	0	0	6.35	5.092
0	0	2.508	6.031	0.3488	0	11.86	7.852
0	0	9.681	9.19	0	1.246	0.8868	6.265
5.717	13.91	0	1.067	2.741	2.616	0	0
4.526	0.7146	6.383	3.736	2.977	5.295	0.3433	1.43
0	0	7.034	7.226	0	1.246	2.746	6.35
3.926	4.898	6.959	1.067	1.246	2.791	3.218	0.3576
5.669	3.745	4.174	2.402	4.497	0.1121	1.302	1.53
0	0	1.473	16.67	0	0	0.3147	3.976
0	0.9528	3.202	3.544	0	0	10.78	2.546
0.4002	0.9528	5.433	1.783	0	2.492	6.322	3.576
1.448	6.079	1.879	1.729	1.395	5.307	1.616	1.244
4.05	4.126	1.313	1.847	2.492	3.737	1.101	1.788
0.4478	1.458	10.5	1.067	0	2.417	2.818	1.473
5.155	5.441	0.5977	1.537	2.878	4.248	0	0
0	0	3.736	11.95	0	0	1.001	3.004
7.27	1.953	2.871	0.3309	3.202	1.782	2.231	0
0	0.9528	3.736	3.736	3.75	2.641	2.503	1.974
1.429	4.002	3.085	2.252	2.803	1.196	1.788	1.888
1.906	0.7623	3.256	1.014	5.232	0	2.861	3.29
1.048	0	1.334	1.975	0	0	8.939	4.648
0.4669	0	5.369	1.558	0	0	7.18	2.818
0.9528	0.4764	1.238	3.031	0	0	5.292	6.265
0	0	9.148	0.459	0	0	7.151	0
0.9528	0	5.102	1.153	2.317	0.1744	3.018	3.733
0	1.906	0.982	3.288	1.557	0.09966	1.788	6.794
2.268	1.01	5.935	0	0	0.5482	6.522	0
3.459	4.888	0	2.135	2.33	2.193	0	0.1859
0.7146	1.667	6.276	4.889	0	0	1.43	0
0	0.4002	2.199	5.807	0	0.1744	2.503	3.733
0	2.582	2.327	0.3416	0.3987	5.731	2.045	0.9154
0.2763	0.6765	3.736	5.337	0	0	0.4148	3.876
0.3716	4.85	0	0	2.666	6.403	0	0
0	0.1906	1.014	6.671	0	1.246	2.288	2.861
2.544	0.3144	0.3522	1.067	6.752	2.803	0	0
0	0	3.8	5.743	0	0	1.159	3.132
0	0	2.818	4.782	0.162	0.461	1.43	4.119
0	0.6479	1.985	6.02	1.159	1.159	0	2.66
1.906	0	0.8005	2.572	0	1.046	2.789	4.362
0	1.963	3.266	5.273	0	0	2.861	0
0	1.906	3.725	2.017	0	0.7724	1.073	3.762
0	0	4.782	4.312	0	0.299	2.489	0.7437
0.9528	0.6098	4.003	1.911	0	0.3987	1.63	2.66
1.829	0	3.458	4.547	0	0	0.6007	1.43
1.667	0.4002	1.772	1.43	2.28	2.703	0	1.43
0	1.162	2.167	2.701	1.208	0.03737	0	4.291
0	0	0	6.938	0	0	0	4.291
0	1.239	5.764	3.629	0	0	0	0
0	0	1.58	1.622	0	0	6.822	0.3719
0	0.01906	3.757	3.757	0	0	2.474	0.3862
0	0	5.924	1.548	0	0	2.431	0.4291
0.2382	1.191	3.063	2.402	0	0.6229	0	2.689
0	0	2.263	2.092	0	0	3.99	1.759
3.678	2.039	0.5337	1.067	0	0	0	2.76
0	0.2954	2.135	4.526	0	0	0.08582	2.775
1.02	4.354	1.334	0.07472	2.442	0	0	0.5149
0	0	3.202	0	0	0	2.346	4.091
0.9528	2.287	1.708	3.042	0	0	0.2861	1.144
1.572	1.286	0	2.135	0	2.865	1.43	0
0	0	4.27	4.27	0.6229	0	0	0
0.8194	0	2.786	4.067	0	0	0	1.43
0	0	0	6.404	0.6104	0.6354	0	1.43
0	0.2287	1.067	0.6618	0	0.1495	1.244	5.163
0	0	2.092	2.69	0	0	2.203	1.373
1.086	2.077	1.452	0	3.737	0	0	0
0	0	1.11	4.248	0	0	1.101	1.788
0	1.22	3.8	1.537	0	0	0.04291	1.387
0	1.429	0.4803	1.654	0	0	0.6436	3.647
0	0	0.3843	5.337	0	1.246	0	0.7151
0	0	0.5444	2.786	0.7849	0.461	0.9011	1.788
0.9528	0	2.327	1.153	0	0	1.788	0.9583
0.4002	0.07623	1.42	5.241	0	0	0	0
0	0	0.9607	3.309	0	0	0.5721	2.288
0	0.1906	2.562	1.708	0	1.993	0.5721	0
0.7909	0.162	4.633	0	0	0	1.43	0
0	0	0.03202	1.035	0	1.943	2.503	1.387
0	0.8385	0.1388	1.868	0	0	0	3.947
0	0	2.946	2.156	0	0	1.416	0.0143
0	0	3.277	0.7365	0	0.07475	2.06	0
1.391	0	0.8432	0.8859	0	0	2.203	0.6007
0	0	4.27	0.5977	0	0	1.03	0
0.9528	1.143	0	0	1.246	2.492	0	0
0	2.373	1.686	0.4483	0	1.233	0	0
0	0	1.409	1.452	0	0	1.63	1.23
0.7146	1.667	0	0	1.246	1.943	0	0
0	0	0.6084	0.459	0	0	3.676	0.615
0	0	1.067	1.751	0	0	1.173	1.23
0	0	3.875	0.3949	0	0	0.8868	0
0	0.7813	1.067	0.8753	0	0	0.9726	1.173
0	0.9147	1.825	0.3095	0	1.769	0	0
0.6384	0	2.668	0.8966	0	0	0	0.472
0	0	2.135	0	0	0	2.474	0
0	0.02859	0.2775	2.925	0	1.271	0	0
0	0	0	0.01067	0	0	1.459	2.832
0	0.9528	2.124	1.078	0	0	0	0
0	0	0.491	1.067	1.968	0.5731	0	0
0	0	1.324	0	0.6354	0.6104	1.43	0
0	0	0	1.174	0	0	2.503	0.2145
0.02859	2.144	0	0	1.246	0	0	0.4005
0	0.2096	2.071	1.131	0	0.2741	0	0
0	0	0.3949	1.74	0	0	0.5292	0.9011
0	0	1.067	0	0	0	1.788	0.5006
0	0	2.316	0.8859	0	0	0	0
0.08576	2.144	0	0.3629	0	0	0.4577	0
0	0	0	1.067	0	0	1.43	0
0.5241	0.4288	0	0	1.495	0	0	0
0	0	0.6511	0.4163	0	0	0	1.23
0	0	0	2.135	0	0	0	0
0	0	0.6404	1.494	0	0	0	0
0	0	1.025	1.11	0	0	0	0
0	0	0.6511	0.95	0	0	0	0.5149
0	0.1334	0	0.1494	0	0	0.5578	1.073
0	0	0.8005	1.057	0	0	0	0
0	0	0.2775	1.324	0	0	0	0
0	0.4669	1.078	0	0	0	0.0143	0
0.686	0	0.7685	0	0	0	0	0
0	0	0	0	0	0	0.7294	0.7008
0	0	0	0	0	0	0.4434	0.9869
0	0	0.6084	0.8005	0	0	0	0
0	0	1.238	0	0	0	0	0
0	0	0	1.067	0	0	0	0
0	0	1.067	0	0	0	0	0
0	0	1.067	0	0	0	0	0
0	0	0.8005	0.2668	0	0	0	0
0	0	0	1.067	0	0	0	0
0	0.4383	0.0427	0	0	0	0.2288	0
0	0	0	0	0.5232	0	0	0
216.5	213.9	21.48	23.23	213.6	224.8	21.93	19.31
33.96	78.34	2.839	2.498	42.71	116.9	2.031	2.374
13.14	77.4	6.49	1.665	16.39	96.23	12.59	0.4005
2.077	0.07623	45.26	46.94	0.5232	0	43.09	64.86
10.45	10.55	10.2	20.15	29.73	31.99	33.73	27.2
41.26	37.79	0	0.5764	47.32	44.87	0.6579	0
39.45	30.59	4.697	17.72	32.64	15.82	1.931	14.95
1.096	1.763	37.36	44.4	3.862	1.121	33.11	33.68
34.77	26.56	0	0	44.64	33.82	0.1001	1.33
2.725	8.785	15.23	18.95	12.83	15.4	31.65	30.82
4.993	3.583	16.69	27.79	3.575	2.977	27.69	40.08
30.2	49.35	8.699	2.701	8.908	13.59	0	2.861
36.88	21.94	3.277	3.661	17.91	14.18	4.777	5.978
20.03	19.65	2.274	2.402	24.44	31.42	1.802	5.893
7.032	17.42	18.52	18.35	5.893	19.75	13.02	6.207
1.696	12.92	37.91	20.96	0	1.42	12.83	14.66
17.58	24	8.048	0	25.71	23.87	1.43	0
14.31	16.85	13.04	3.757	15.67	19.24	8.224	7.823
34.62	3.116	19.1	11.11	8.721	0.897	11.3	9.125
16.05	30.03	0	0.8112	19.2	27.92	1.073	0.7008
3.783	35.09	1.868	11.2	3.414	24.37	5.02	9.654
20.96	19.38	1.462	0.8005	27.32	21.94	1.43	0.8868
16.93	31.32	4.195	0.6084	18.82	21.73	0	0
10.06	28.54	1.046	0	10.96	35.16	1.416	0
36.24	12.21	10.58	7.845	6.541	1.458	5.835	6.436
2.706	0.7909	16.36	17.83	5.93	2.604	20.97	13.59
6.355	24.25	14.64	12.45	0.2242	4.36	10.63	4.648
12.08	15.55	0.7685	0.2989	20.21	23.87	1.43	0
7.318	25.99	2.199	2.135	6.341	24.68	2.717	2.46
12.3	12.7	6.938	7.216	9.879	8.26	6.808	9.211
9.471	34.51	1.11	0	3.139	16.74	2.975	2.603
11.06	12.9	11.78	0.2989	2.915	5.183	23.11	1.659
27.87	9.767	2.135	1.281	18.31	7.849	0.143	1.287
13.38	23.84	0	0	10.88	16.48	1.616	1.788
13.05	28.62	1.334	0.5444	10.65	6.167	4.262	0.02861
8.252	6.88	22.74	4.472	2.454	1.246	11.1	6.479
20.34	9.843	0.2668	0.9927	15.25	14.83	0	0
20.2	10.39	5.657	1.494	14.02	2.056	6.007	0.7151
15.67	9.843	1.003	0	17.85	10.8	3.132	0.6722
6.899	5.546	5.807	4.931	11.9	15.11	1.43	6.865
12.74	10.01	3.864	4.013	8.721	11.45	1.516	5.635
14.19	9.042	0	2.135	18.79	12.28	0	1.03
14.26	22.95	0	0	10.51	7.699	0	0
1.715	0.8099	13.02	2.508	0.436	1.433	22.24	12.94
12.05	9.786	0.3095	2.444	6.69	16.61	2.203	4.234
10.05	11.46	0.5124	0.2775	4.41	12.16	8.91	5.735
2.325	10.9	2.85	0.4697	9.63	13.14	8.868	3.69
7.194	6.813	6.831	12.06	1.246	2.99	6.15	8.582
6.641	5.403	8.358	2.081	5.469	5.295	14.77	2.789
0.3049	9.081	4.462	4.227	3.015	17.6	3.476	8.481
2.973	29.56	0	0	6.279	11.64	0	0
1.458	1.344	22.32	8.272	2.492	0	10.01	3.175
5.317	3.811	8.347	7.536	0	0	13.57	9.94
9.081	3.364	13.52	2.167	4.435	0	9.74	5.764
0.3049	5.203	11.78	3.928	0.7973	10.14	11.91	3.633
3.249	5.298	8.891	8.507	2.068	3.538	4.462	11.14
9.471	5.222	1.163	5.433	9.78	6.017	0.8295	7.523
1.734	7.804	8.347	6.063	1.869	5.046	9.654	4.777
21.78	3.821	0.8005	0.7258	8.721	2.143	3.576	1.23
8.785	10.52	0.6618	0.5337	14.44	5.494	1.774	0
4.288	2.649	2.135	12.04	2.143	4.909	4.691	9.297
13.7	10.84	0.8112	0	5.556	9.07	1.073	0.7294
4.745	18.79	2.22	0.6831	1.943	11.84	0	1.43
20.44	2.811	3.095	1.174	4.547	2.305	4.005	1.859
5.479	4.526	8.23	3.512	2.728	3.426	10.1	1.344
11.04	14.38	2.135	0	9.231	2.404	0	0
2.849	0.009528	12.08	9.82	1.856	1.557	5.063	4.605
5.622	8.194	0	0	7.612	14.55	1.43	0
8.061	1.734	5.508	4.953	6.092	0.5108	5.95	3.318
5.374	12.79	1.953	0.2668	4.56	9.742	1.201	0
1.162	12.43	1.334	0.03202	1.171	18.19	0.6722	0.758
0.4097	16.78	2.583	1.067	0.5357	8.858	3.261	1.43
1.972	5.593	3.01	3.458	2.816	7.001	4.291	6.608
2.144	9.309	1.324	0	2.018	18.76	0.8868	0
1.982	16.06	0.4163	0	7.201	8.372	0	0
1.429	10.02	3.181	1.665	2.878	9.655	0	4.319
8.252	11.76	2.999	2.935	0.9094	0.3364	2.832	2.918
6.041	7.47	2.935	2.231	8.671	3.588	0	1.43
10.57	4.05	0	1.067	14.25	0	1.43	0.4005
10.39	2.763	3.309	0	2.616	4.859	5.149	2.431
4.44	0	15.09	0	0.9344	1.134	8.095	0
6.66	7.442	0	1.131	8.26	5.369	0	0
8.718	13.84	0	0	4.672	1.557	0	0
7.022	4.24	1.067	1.067	10.03	3.75	0	0.8009
7.67	5.479	0	0	11.96	2.242	0	0
8.576	5.469	2.145	0.01067	5.245	3.177	2.503	0.0143
0.4478	7.956	0.2989	1.067	1.171	15.77	0	0
4.583	4.736	1.334	0.1174	3.675	10.28	0	1.43
1.067	1.791	7.216	3.939	0	0	5.464	6.622
8.337	4.288	0.427	0.6404	5.98	2.056	3.504	0.8582
2.03	1.182	6.436	3.565	0	0	9.525	3.347
1.305	1.191	1.729	2.391	3.713	5.008	6.808	3.89
2.839	7.947	4.953	0	0.5731	6.179	2.861	0
1.401	4.393	5.177	0.6511	2.043	5.257	6.064	0
10.77	2.859	0	0	8.347	2.865	0	0
0.162	0.3144	6.853	5.337	0.2118	1.557	5.478	3.933
12.18	1.162	0	0.2989	3.189	2.417	2.903	1.387
4.631	3.583	1.996	2.274	1.557	1.408	2.861	5.178
2.63	8.271	0	0	1.981	10.5	0	0
4.783	2.287	0.8005	0.3522	8.97	4.734	0.9583	0.472
1.963	8.461	2.946	0.5337	5.22	4.049	0	0
2.458	10.39	2.498	0	0.9344	2.18	4.477	0
6.07	1.515	1.697	4.707	1.246	1.246	3.218	3.089
5.345	6.432	0.459	0	4.36	6.142	0	0
3.516	2.02	8.603	3.01	1.943	0.9344	1.702	0
4.173	4.879	1.067	1.046	7.039	3.501	0	0
3.649	6.174	0.6618	0	7.176	4.036	0	0
11.82	3.287	1.366	0	3.737	0	1.43	0
4.183	2.144	0	0	6.192	7.961	0	0
4.24	8.242	0.6404	0	2.616	4.61	0	0
0	8.576	0.523	0	0	11.21	0	0
1.458	4.983	5.07	4.515	1.881	0.6104	1.073	0.7008
3.602	5.555	0	0	6.229	4.846	0	0
9.671	3.64	0	0	5.681	1.208	0	0
5.812	0.8576	2.989	0.8005	3.737	1.184	2.574	1.788
0.2382	7.527	0.1921	1.943	0.3987	7.886	0.9726	0.4577
5.203	0.5145	0	0	8.845	3.613	0	1.43
3.373	14.37	0	0	0.7973	0.4485	0	0
10.53	0.9052	1.121	1.014	2.492	0	2.861	0
1.191	6.489	4.28	1.334	0	1.321	2.603	1.516
11.91	0.8576	0.427	0	4.547	0.9344	0	0
7.203	4.231	0	0	2.529	4.348	0	0
2.468	1.591	2.498	0	1.769	4.659	4.176	0.8295
5.345	3.707	0.491	0	3.115	3.015	0	1.43
1.172	3.592	4.312	1.772	1.022	1.869	0.4863	2.861
1.667	2.201	0.5337	0	2.267	5.83	3.404	0.8868
2.744	0.5908	6.009	0.2668	4.211	1.246	1.43	0
4.288	3.287	1.067	0	2.99	0.7475	0.7866	2.717
0.9528	7.394	0	0	0	5.457	0.2717	1.788
2.23	1.191	3.352	1.452	1.981	0	4.162	0.9726
0.7432	5.774	0.918	0	2.18	5.12	0	0
5.117	2.868	0	0	3.588	3.115	0	0
4.65	0.5336	0	0.03202	6.391	2.803	0	0
7.175	1.534	1.067	3.202	0	0	0	1.43
1.744	0.162	3.565	4.633	0	0	2.031	2.26
2.754	6.775	0	0	2.579	2.18	0	0
2.859	0	0	0	7.375	3.7	0	0
3.316	0.6098	0	2.135	3.874	1.258	2.689	0
2.211	7.146	1.665	1.473	0	0	0	1.344
1.191	1.448	1.334	1.622	6.254	0.6977	1.101	0
0	0	4.654	0.2348	0	0	8.138	0.1573
1.496	6.794	0	1.067	1.943	1.794	0	0
3.583	8.213	0.6725	0.3949	0	0	0	0
4.659	0.3716	0	0	4.709	2.94	0	0
1.191	4.64	1.046	1.622	2.18	1.632	0	0
2.897	1.62	0	0	3.139	3.065	1.459	0
2.287	3.049	1.601	0	1.37	1.121	1.001	1.43
1.448	2.839	2.893	1.932	0	1.221	1.43	0
5.955	2.144	0	0.5337	2.18	0.9344	0	0
1.467	3.773	1.516	0	0.7724	2.965	1.015	0
4.431	4.583	0.555	0	1.246	0	0	0
5.479	3.173	1.43	0.08539	0	0	0.6007	0
1.906	0.9528	2.882	1.281	0.9966	0.2492	2.002	0
6.479	1.143	0	1.067	0	0	0	1.43
0.3811	2.001	1.067	0.5337	3.8	1.62	0.7151	0
3.097	2.144	1.067	0	3.127	0.6354	0	0
3.373	2.344	0	0	4.286	0	0	0
1.925	2.925	0	0	1.894	3.09	0	0
4.259	2.677	0.03202	1.035	0	0	1.745	0
5.269	0.4478	0	0	2.492	0	1.43	0
5.002	0.1429	1.921	0	2.367	0	0	0
0.9528	1.124	2.306	0	0.1121	1.134	2.503	1.302
0.343	1.486	0	0	3.252	3.775	0	0
0.829	1.534	3.757	0	0	0.7724	1.802	0
3.011	0.8004	0	0	0.1121	4.472	0	0
1.067	0.9528	0	0	4.036	1.246	0	0
1.629	0.2763	0.7578	0.3095	0	0	4.291	0
0.8099	1.096	0.427	0	1.931	1.806	1.144	0
1.639	4.354	0	0.9927	0	0	0.2002	0
2.363	1.915	0.02135	0	0.299	0.9468	1.058	0.3719
2.563	2.087	0.06404	0	1.943	0	0.1716	0
2.211	0	1.003	2.135	0	0	0.4434	0.9869
2.153	3.087	0	0	0	1.458	0	0
0.7146	2.144	0	0	2.492	0.6229	0	0
3.316	1.915	0	0	0	0	0	0
3.43	0.8576	0	0	0	0.8098	0	0
0.9433	1.915	1.43	0.08539	0	0.7226	0	0
0.9528	0.7432	1.537	0.2989	0	0	0.04291	1.387
0	2.687	0	0	0	2.267	0	0
1.658	1.201	0	0	0	1.246	0.5435	0
2.849	0.7146	0	0	0.9344	0.01246	0	0
2.868	1.553	0	0	0	0	0	0
3.097	0.4192	0	0	0.8596	0	0	0
1.667	2.087	0	0	0.5482	0	0	0
1.191	1.667	0	0	0	0	1.073	0.3576
1.029	1.829	0	0	0.3613	0.8845	0	0
0	0	1.783	1.462	0.04983	0.5731	0.05721	0
0	0	0.2775	0	0	0	1.087	2.489
0.4955	1.41	0.5124	0	0	0	0.7294	0.7008
3.373	0.4383	0	0	0	0	0	0
1.191	0.4097	0.7258	0	0.2242	1.246	0	0
0	0	0	0	0	3.737	0	0
0	0	0	0	1.906	1.831	0	0
0.3526	0.6003	0.4056	0	1.096	1.246	0	0
0	0	0.9073	0.1601	0	1.246	1.144	0
0.848	0.1048	0	0	2.218	0.2741	0	0
1.429	1.906	0	0	0	0	0	0
0.3621	2.02	0	0	0	0.7849	0	0
1.162	0.7432	0	0	1.246	0	0	0
0.9528	0.9528	0	0	1.084	0.162	0	0
0	0	0	0	3.09	0	0	0
0.9528	0	0	0	0	0.6229	1.43	0
0	0	0	0	1.022	1.47	0.4863	0
1.906	0.9528	0	0	0	0	0	0
0.2001	0	0.7578	0	0.6229	0	0	1.13
0	0	0.1174	1.484	0	0	0.9154	0
0	0	0	0	0.8596	1.632	0	0
0	0.9528	0	0	0	1.246	0	0
0	0.9528	0	0	1.246	0	0	0
0	2.134	0	0	0	0	0	0
0.2192	1.191	0	0	0.2865	0.3364	0	0
0.7146	0.2382	0.2668	0.8005	0	0	0	0
0.5717	1.334	0	0	0	0	0	0
1.458	0.4478	0	0	0	0	0	0
0.4097	1.496	0	0	0	0	0	0
0	0	0.491	0	0	0	1.373	0
0.5526	0.4002	0	0.8859	0	0	0	0
0	0.09528	0	0	0	0.1246	0.5006	0.9297
0.2668	0.6289	0	0	0	0	0.6722	0.04291
0.8004	0.1525	0	0	0.5108	0	0	0
0	0	0	0	0	0	1.43	0
0	0	0.5337	0	0	0.8472	0	0
0	0.02859	0	0	1.246	0	0	0
0	0	0	0	1.246	0	0	0
0	0	0.2135	0	0	0	1.001	0
0.181	0.7718	0	0	0	0	0	0
0.4859	0.4669	0	0	0	0	0	0
0.9052	0.04764	0	0	0	0	0	0
0	0.9338	0	0	0	0	0	0
0	0	0.7899	0	0	0	0	0
0	0	0	0	0	0	0.7151	0
0.7051	0	0	0	0	0	0	0
0	0	0	0.6831	0	0	0	0
0	0.4764	0	0	0	0	0	0
0	0	0.4483	0	0	0	0	0
246.2	160.2	84.76	21.21	205.2	131.8	55.26	22.25
0.4574	4.745	102.5	141.9	1.246	4.298	33.64	31.45
6.136	4.202	58.55	44.96	4.211	8.87	82.67	38.17
0.0667	6.546	56.17	60.31	0	2.392	18.56	12.19
0.7909	0.162	9.767	101	1.146	0	1.545	25.6
23.74	42.86	11.35	2.85	12.71	19.06	0	0
13.2	12.29	32.4	30.74	9.219	5.17	0.5006	2.861
24.1	23.29	4.366	9.286	17.19	18.74	0	0
1.296	1.191	7.066	64.45	2.417	3.949	1.745	12.56
18.1	21.46	12.87	3.928	2.965	11.65	8.496	0.2574
0.9528	1.086	42.67	26.43	1.022	0.2242	2.703	2.918
3.526	4.25	28.1	26.06	1.669	0	1.201	5.721
6.575	9.624	31.82	2.295	6.678	3.115	9.611	0
8.957	7.909	14.68	16.7	4.983	0.7475	7.795	4.648
16.55	16.54	12.73	5.166	3.501	2.105	4.52	2.589
8.861	8.147	7.739	11.79	7.911	2.803	9.869	4.005
0	0	19.96	14.7	0	0	11.99	13.8
14.96	15.8	1.003	2.199	13.5	12.38	0	0
0	0	18.33	16.46	0	1.707	7.68	15.33
0.4669	0.505	21.52	17.89	4.086	4.634	4.706	5.292
12.97	21.98	6.661	0	4.871	8.783	0.7723	0
4.307	0.4574	21.01	13.53	0	0	7.595	7.566
0	0.9243	21.08	15.58	0	0	7.909	8.91
10.13	9.576	1.58	0	13.82	12.35	1.402	0
0	0	7.408	17.27	0	0	12.27	6.636
1.839	0.0667	5.721	24.32	2.492	1.52	0	6.694
5.812	9.138	0	0	10.81	14.76	0	0
4.183	10.13	7.749	3.715	4.223	6.989	0.3576	1.244
6.432	9.385	7.952	0.1601	2.305	5.793	2.217	2.074
5.603	10.2	2.007	3.864	6.154	4.759	2.775	0.8868
9.042	6.927	1.857	4.291	7.139	5.021	0	0
0.9528	0.5526	10.94	11.84	0	0	3.218	6.193
0.4097	1.191	22.22	4.526	0	1.246	2.088	1.43
0	0	4.109	8.166	0	0	11.08	8.367
3.497	5.679	3.971	7.461	3.015	4.099	2.861	0.6007
0.8861	0.6098	13.8	14.19	0	0	1.43	0.1001
1.382	5.193	6.564	7.845	2.803	2.056	1.931	2.646
0.9528	0	10.62	14.15	0	0	2.045	2.346
1.01	2.115	12.41	3.512	2.255	4.672	2.546	1.344
0	0.343	6.821	8.87	0	0	8.024	5.564
0.6098	0.9528	8.304	8.923	1.246	0	3.533	5.764
2.897	0.4002	3.384	6.714	0	1.246	4.048	10.31
1.839	3.878	9.831	11.26	0.2242	1.022	0	0
0	0	9.308	10.97	0	1.246	2.861	2.546
5.441	4.088	4.782	9.777	1.644	0.8472	0	0
0	0	5.401	11.83	0	0	1.673	7.309
9.443	6.47	0	0	4.273	4.248	0.1287	1.302
3.364	5.002	6.106	2.017	4.634	3.737	0	0
0	0	7.707	5.828	0	0	4.963	6.336
1.429	0.9528	4.27	8.005	0.9344	0.3115	0	6.436
0.4288	0.9052	13.45	2.882	0	0	4.291	0.2861
0.1429	2.144	4.109	4.43	0.1246	0	4.291	6.15
0.9528	0.4192	8.422	6.586	0	0	2.775	2.231
3.869	3.621	9.809	1.185	1.345	0.9717	0	0
0	0	6.671	9.34	0.3115	0.9344	0.7151	2.145
2.859	1.753	8.07	4.142	0	2.492	0	0
2.43	3.859	3.095	1.067	3.239	4.485	0.5721	0
3.344	5.708	4.547	2.647	2.492	0	0	0
1.41	2.935	3.608	1.089	3.762	5.631	0	0
0.4764	4.288	7.739	5.604	0	0	0	0
0.2763	2.106	8.272	4.771	0	1.246	0	0
0	0	7.13	9.03	0	0	0	0
0.848	0.1048	6.757	8.422	0	0	0	0
0	1.982	2.487	6.671	0	4.983	0	0
0.4002	0.7146	4.91	5.593	0	0	0.6007	3.69
2.839	6.689	0	1.067	1.196	3.762	0	0
1.162	4.764	3.768	0.1494	3.7	1.769	0	0
0	0.667	3.736	3.736	1.744	2.616	2.717	0
0.7623	0.1906	8.219	2.989	0.3737	0.8721	0	0
0	0	5.316	3.48	0	0	2.374	2.145
0	0.343	9.276	0.6725	0	1.246	1.33	0.1001
2.382	1.029	4.184	4.974	0	0	0.05721	0
0.4097	0.5431	2.402	6.522	0	1.246	0	1.43
0.3335	0.8099	2.402	7.205	0	0	0	1.43
0	0	5.422	5.166	0	0	0.4148	1.015
0	0	0.2135	4.59	0	0	1.001	5.721
0	1.906	1.003	1.665	0	0	1.344	5.092
0	2.001	4.376	4.27	0	0	0	0
0	0	4.846	3.159	0	0	1.058	1.073
0	0	6.298	3.65	0	0	0	0
0	0	3.405	6.202	0	0	0	0
0	1.906	0	1.067	2.803	3.65	0	0.08582
0.5241	4.145	1.014	2.081	0.8721	0.3737	0	0
0.6765	0	3.949	4.366	0	0	0	0
0	0.324	1.356	7.205	0	0	0	0
3.249	2.315	0	0	2.267	1.046	0	0
1.639	0	0.5977	2.604	0.03737	3.775	0	0
0	0.9528	4.536	2.935	0	0	0	0
0	0	1.601	2.274	0	0	0	4.448
0	0.1334	5.668	1.654	0	0.1744	0	0
1.191	4.888	0	0	0	1.146	0	0
0	0	5.444	1.708	0	0	0.07151	0
1.944	1.467	2.177	1.558	0	0	0	0
0.7146	0.9243	1.868	2.103	0	0.3488	0	1.116
1.849	1.963	0	0	1.246	1.769	0	0
0.9528	1.086	1.292	2.978	0	0.3987	0	0
0	0.2859	3.416	2.989	0	0	0	0
1.058	0.848	0.7685	0.95	0.2741	2.703	0	0
0	0.9528	5.006	0.3522	0	0	0	0
0	0.4955	1.889	2.38	0	0	0	1.43
0.2954	1.61	0.3309	3.939	0	0	0	0
0.829	0.1239	1.067	3.736	0	0	0	0
0	0	1.868	3.811	0	0	0	0
0.9528	0.9528	2.935	0.7578	0	0	0	0
0	0.03811	1.462	3.917	0	0	0	0
0.8671	0.8671	0	0	0	3.289	0	0
0	0	3.053	1.836	0	0	0	0
0	0.01906	2.978	1.804	0	0	0	0
0	0.8576	2.306	1.516	0	0	0	0
0	0	0.6725	0.3949	0	0	2.317	1.259
1.058	0	1.42	2.135	0	0	0	0
0	0.848	1.868	1.868	0	0	0	0
0	0.07623	1.516	2.754	0	0	0	0
0	0.9528	2.135	0	0.09966	1.146	0	0
0	0	2.402	1.868	0	0	0	0
0	0.7623	0.6404	1.815	0	0	1.001	0
0.9147	0	2.359	0.7578	0	0	0	0
0	0	2.22	1.516	0	0	0	0
0	0.4764	1.121	2.081	0	0	0	0
0	0	1.868	1.42	0	0	0	0
0.9528	0	0.0427	1.025	0	0	1.015	0
1.906	0	0.01067	1.057	0	0	0	0
0	1.143	1.494	0	0	0	0	0
0	0	0	2.54	0	0	0	0
0	0	1.697	0.4376	0	0	0	0
0	0	1.334	0.7792	0	0	0	0
0	0.3049	0	0	0.2242	0	0.1001	1.33
0	0.2382	0	1.067	0	0	0	0
0	0	1.302	0	0	0	0	0
0	0	0	1.185	0	0	0	0
0.4669	0.7146	0	0	0	0	0	0
0	0	0.2989	0.7685	0	0.03737	0	0
0	0	0.7365	0.3309	0	0	0	0
0	0	1.067	0	0	0	0	0
0	0	0.8219	0.2455	0	0	0	0
0	0	1.067	0	0	0	0	0
0	0	1.067	0	0	0	0	0
0	0	0.6404	0	0	0	0	0
0	0	0.2348	0	0	0	0	0
32.22	50.91	2.007	1.067	23.01	52.51	0.3147	0
26.06	45.88	17.24	18.31	8.285	14.51	0.5721	0.143
40.53	49.64	4.739	1.003	11.45	12.3	1.43	0
21.17	35.86	10.61	4.867	9.929	13.59	4.877	5.807
18.34	22.8	14.12	15.79	11.2	8.733	6.508	8.281
34	13.16	0	1.772	26.24	12.78	1.902	1.201
43.11	28.13	3.202	0	6.428	4.086	1.43	0
1.658	17.61	14.11	18.38	0.9468	3.737	9.669	7.523
19.68	10.66	2.434	8.539	19.16	0.3488	1.788	6.479
6.193	1.086	28.74	3.981	4.809	0.9717	16.82	2.346
10.88	10.56	4.077	4.366	5.32	6.005	7.409	4.748
7.785	4.278	16.11	8.998	1.208	0.03737	5.006	6.837
18.82	16.87	0.4803	0	5.98	6.852	0	0
15.32	15.57	0.5337	0	7.101	8.721	0	0
19.01	13.64	2.167	0	3.314	5.369	0	1.387
7.909	12.36	4.419	1.868	5.843	3.015	6.279	1.273
12.68	8.89	10.6	8.443	0	0	0.6007	1.545
25.25	6.689	1.793	0	3.737	0	1.402	1.802
0	0	9.148	8.208	0	0	16.2	6.136
2.906	5.574	9.18	11.53	0	0	3.218	4.648
2.03	5.593	6.116	4.408	1.782	2.778	8.253	6.05
5.431	4.278	2.338	8.742	1.246	0	9.311	4.72
9.738	19.72	1.644	0	1.557	2.753	0.3862	0
12.25	12.69	1.505	0	4.074	2.043	2.474	0
0.7813	2.859	11.73	8.763	2.803	1.333	1.073	3.676
2.773	8.642	1.772	2.668	2.28	3.625	4.405	5.978
2.925	10.93	6.127	5.572	0.299	0	1.774	2.861
8.052	5.765	1.067	1.067	6.042	5.17	1.43	0
2.506	23.85	0.8326	0	0	0.6229	0	0
0.009528	4.726	5.881	2.658	2.168	0.3239	5.721	5.721
13.37	6.203	1.932	1.356	2.18	1.557	0	0
0.8385	0	8.945	4.547	1.096	0	3.046	6.965
2.849	1.915	4.024	5.604	0.4734	0	5.178	5.378
5.488	7.47	0	0	4.46	5.606	0	1.43
4.44	2.077	5.689	5.7	0	0	4.891	0.6007
11.09	7.709	0.7792	0	2.492	0	0	0
10.09	6.47	4.142	0	0	1.246	0	0
9.357	8.576	0	0.7685	1.208	1.283	0	0
1.696	2.325	2.53	6.842	1.906	0.9344	1.788	2.818
0.3621	2.725	2.007	1.345	1.246	0.1495	10.23	2.675
3.907	13.13	0	0	0.897	1.595	0	0
7.146	10.24	1.601	0.5337	0	0	0	0
12.91	3.383	0	0	2.492	0	0	0.5721
6.641	11.5	1.025	0	0	0	0	0
12.82	1.763	0	0	3.8	0.1869	0	0
5.708	5.955	1.42	0.1815	2.479	1.258	0.6007	0
2.859	0	4.27	3.394	0	0	2.76	3.933
4.116	0.05717	4.878	4.665	0	0.6977	1.344	1.43
7.918	5.422	0.6618	1.857	0	0	0.1716	0
4.859	1.429	1.228	4.536	1.246	0	1.716	0.4291
5.822	7.042	0	1.067	0	0	0	0
1.667	12.15	0	0	0	0	0	0
4.745	2.878	0	0	3.077	2.504	0	0
3.144	1.81	0	0	4.921	2.803	0	0
3.64	3.64	1.217	1.067	1.644	0	0	1.43
9.138	3.402	0	0	0	0	0	0
6.994	3.087	0	0	2.081	0.2118	0	0
1.868	3.592	0	0	3.787	3.115	0	0
1.572	9.7	0.7152	0	0	0	0	0
5.669	1.953	0	0.427	1.433	1.059	0.9297	0.5006
1.134	4.05	0	0	2.579	4.198	0	0
0.9528	3.202	0	0	3.463	2.591	0	0
0	0	5.561	1.654	0	2.492	0	0.3433
0	0	4.27	2.85	0	0	2.303	0.5578
1.791	6.784	0	0	1.208	0.03737	0	0
1.334	1.477	6.084	0.8539	0	0	0.07151	0
4.402	2.268	0	0	2.417	0.6229	0	0
0.7432	3.545	1.868	0.2562	0.3239	1.557	1.402	0
0.7242	4.212	2.113	1.089	0	0.598	0	0
2.382	3.811	0	1.067	0	1.246	0	0
0.9243	0.02859	3.469	0.03202	0	0	3.976	0
0.7146	4.526	1.622	0	0	1.246	0	0
3.335	1.906	0	0	2.492	0	0	0
0.686	1.486	1.9	1.537	0	0	0.3576	1.387
1.639	0.4955	0	0	2.791	1.894	0	0
1.039	2.792	0.6298	0.4376	0	0	0.8438	0.5864
0.667	4.097	0	0	0.436	0.8098	0	0
2.973	2.973	0	0	0	0	0	0
4.05	1.667	0	0	0	0	0	0
0.01906	1.887	0.06404	1.067	0	1.221	1.43	0
1.944	2.859	0	0	0.5731	0	0	0
0.9528	0	0	0	4.385	0	0	0
1.667	3.592	0	0	0	0	0	0
1.572	2.811	0.7472	0	0	0	0	0
0.4764	1.963	2.402	0.2028	0	0	0	0
3.03	0	0	0	1.669	0	0	0
3.211	1.324	0	0	0	0.1495	0	0
4.469	0.181	0	0	0	0	0	0
1.02	2.249	0.8753	0.1921	0	0	0	0
0	1.258	1.334	0.459	0.7101	0.5357	0	0
0	0	0	0	0	0	4.291	0
0.4193	3.84	0	0	0	0	0	0
3.945	0	0	0	0	0	0	0
3.783	0	0	0	0	0	0	0
0.324	2.058	0.1815	0.8859	0	0	0	0
0.6956	0.2573	0	0	0.5731	1.919	0	0
0.8671	1.667	0.8005	0.09607	0	0	0	0
0.3144	1.753	0	0	1.246	0	0	0
0.9528	2.268	0	0	0	0	0	0
0.3621	0.7146	2.135	0	0	0	0	0
0	0	0.2135	2.989	0	0	0	0
1.906	0	0	0	0.6603	0.5855	0	0
1.191	0.181	1.003	0	0	0	0.6293	0
0.5622	1.344	0.6298	0.4376	0	0	0	0
0.5526	0	2.306	0	0	0	0	0
0.686	0.2668	0.5657	1.067	0.03737	0	0	0
0.5336	1.372	0.7045	0	0	0	0	0
0.3526	0.6003	0	0	0	1.246	0	0
0	1.982	0	0	0	0.09966	0	0
0.4478	0.505	0	0	0	0	1.116	0
0.9528	0	0.459	0.6084	0	0	0	0
0	0.9528	0	1.067	0	0	0	0
1.906	0	0	0	0	0	0	0
0.9528	0.9528	0	0	0	0	0	0
0.9528	0	0.6298	0	0	0	0	0
0	0.9528	0.5337	0	0	0	0	0
1.201	0.1143	0	0	0	0	0	0
0	0	0	0	0.1121	1.134	0	0
0	0	0.8753	0	0	0	0.2288	0
0	0.5526	0	0.5337	0	0	0	0
0	0	1.067	0	0	0	0	0
0	0	0.8859	0.1815	0	0	0	0
0	1.058	0	0	0	0	0	0
0.5526	0.4002	0	0	0	0	0	0
0.667	0.2859	0	0	0	0	0	0
0.6003	0.3526	0	0	0	0	0	0
0	0.9528	0	0	0	0	0	0
0.8194	0.1334	0	0	0	0	0	0
0	0	0.8432	0	0	0	0	0
0	0	0.2989	0	0.04983	0	0.05721	0
0	0	0.3416	0	0	0	0	0
0	0	0	0.1708	0	0	0	0
75.42	92.43	73.19	35.09	77	103.1	28.62	25.04
78.13	74.8	16.01	9.607	107.1	94.06	1.788	0.3576
0	0.7623	117.1	62.12	0	1.246	123.4	76.16
0	0.6003	132.5	11.86	0	1.246	144.1	19.07
0	0	61.7	48.14	0	0	79.45	65.29
0	0	64.99	37.43	0.7849	1.707	61.21	39.82
7.432	25.4	7.717	75.39	8.297	14.92	4.419	57.6
0	0	31.61	65.12	0	0	29.42	71.18
0	0.5908	10.55	78.86	0	0	3.919	98.34
11.39	9.1	30.31	54.22	5.98	2.242	29.46	37.33
2.192	12.01	40.03	16.65	17.19	19.31	42.41	28.25
2.23	2.697	27.66	28.33	2.803	0.3115	52.58	51.02
19.68	16.49	30.9	16.92	25.46	27.18	10.51	8.224
5.479	0.7146	23.6	30.58	2.94	6.702	29.86	48.06
25.68	24.44	18.73	9.66	23.61	17.13	13.37	8.224
1.486	1.849	27.68	37.5	0	1.246	31.37	38.2
0	0.9528	9.607	52.3	0.3115	0.9344	18.24	55.42
20.34	16.91	16.35	6.041	11.52	9.705	34.31	20.32
23.82	16.87	18.2	6.778	27.47	26.1	10.73	0.4291
2.859	2.153	50.84	36.58	0	0	21.68	14.19
38.28	31.99	14.89	11.77	16.72	10.37	0.4577	0
15.05	34.45	7.461	16.98	7.936	26.22	4.734	9.053
32.27	25.43	7.739	3.405	23.67	17.39	4.977	3.547
0	1.906	23.26	29.77	0	0	26.9	33.94
0	0.1048	26.73	24.28	0	0	32.41	29.35
1.963	0.9243	37.91	19.67	0	0	29.23	22.43
1.191	2.563	34.14	14.28	0	1.246	28.42	23.33
6.994	8.909	44.62	15.42	0.9344	4.335	7.566	8.882
11.29	21.2	5.55	3.949	13.02	22.24	5.292	9.44
1.525	1.715	10.83	40.08	0.4983	1.993	9.297	24.17
2.859	16.15	22.04	3.095	2.554	25.6	17.81	0
3.573	3.573	32.82	25.08	2.492	1.246	9.297	9.297
13.27	11.9	0.9927	1.142	23.45	28.08	4.548	3.719
31.71	26.39	2.668	6.532	10.91	7.774	0	0
1.21	0.7146	24.02	17.44	0	1.246	23.47	17.89
0.2096	2.496	37.02	24.51	0.897	0.3488	11.36	6.121
5.898	22.99	4.899	7.141	4.36	17.74	3.976	12.16
0	0.9528	17.28	29.83	0.2616	2.23	6.808	20.51
6.651	4.44	14.86	21.51	4.36	5.382	7.938	11.28
18.39	16.43	3.747	1.59	19.63	16.48	0	0
14.5	14.56	25.11	2.103	1.906	3.189	11.27	2.188
5.736	8.557	16.93	17.93	6.117	6.79	3.218	8.968
0	0	13.92	11.16	0	0	14.9	32.98
18.89	18.01	8.102	1.067	8.048	14.19	3.018	1.43
20.72	8.337	1.601	9.607	21.49	6.541	0	1.43
21.83	14.19	12.96	7.45	2.878	4.522	3.304	0.4434
0	0.5908	13.37	25.16	0	0	10.53	16.16
2.287	5.336	24.34	9.286	3.364	3.115	11.51	6.079
1.906	11.49	3.309	16.59	3.339	3.065	8.367	16.61
0.09528	0.9528	24.44	13.77	0	0	11.66	13.23
0	0	24.69	12.5	0	0	14.29	12.46
4.154	10.35	2.519	5.679	13.27	19.72	2.76	5.192
4.564	9.081	8.005	4.974	10.02	9.219	11.08	5.506
2.287	10.2	20.28	17.19	0	9.094	1.359	1.216
3.24	26.58	0.3202	0	3.675	26.72	0.4291	0
11.13	10.72	3.693	10.57	4.759	7.076	5.006	7.051
6.556	8.175	10.5	5.059	7.674	2.541	12.04	6.779
12.45	13.94	4.419	7.493	13.28	7.325	0	0
16.33	10.75	0	1.601	14.43	14.05	0	0
11	8.337	0.3095	3.875	10.6	14.21	6.136	2.56
1.944	6.708	21.88	12.51	2.23	1.557	7.323	2.632
4.593	7.861	9.831	9.916	4.074	4.049	7.838	8.539
1.734	2.859	24.76	16.78	0	2.242	5.392	2.503
0	0.5241	32.34	0.05337	0	0	18.02	5.22
11.91	13.92	5.55	1.868	9.07	6.516	5.321	1.058
7.594	5.403	4.729	8.763	16.02	6.665	1.173	4.849
0	1.906	23.22	8.593	0	0.8721	15.88	4.72
0.9528	0.2287	21.36	14.98	0	0	6.765	10.83
8.623	12.72	7.845	2.135	10.71	10.59	1.144	0.3576
0.3049	2.944	20.52	6.458	0.3987	3.339	13.36	6.794
1.486	2.325	8.208	17.17	3.152	3.002	5.549	13.04
8.861	11.87	3.266	2.135	13.63	13.88	0.08582	0
0	0	7.877	23.78	0	0	11.36	10.18
3.783	4.774	13.67	0.8326	6.852	3.787	16.88	1.816
0.5622	16.4	4.099	10.16	0	9.269	3.704	8.11
4.05	12.05	4.803	9.073	4.734	11.84	1.001	4.72
3.63	0.4478	17.91	16.84	4.161	4.485	2.017	2.274
9.852	4.421	7.547	11.09	6.989	2.529	2.045	6.794
5.164	10.67	0.8005	12.69	6.03	9.094	0	6.636
0	0.4192	10.28	16.88	1.246	0	11.89	10.28
6.098	7.175	8.134	4.142	3.339	7.786	9.669	4.634
6.651	9.147	2.263	7.344	5.943	9.63	3.275	6.708
8.814	9.767	2.935	4.803	12.77	11.84	0	0
0	0.8004	15.34	15.55	0	1.57	6.694	10.61
0	0	5.732	13.14	0	0	15.26	16.18
7.67	7.575	5.23	15.05	6.354	2.99	0.4291	4.863
7.861	11.67	2.135	1.067	12.15	15.26	0	0
1.658	0.2477	9.158	15.9	0	0	10.93	11.96
0	0	14.45	4.761	0.7724	0.4734	17.03	11.94
3.783	0.505	15.67	8.187	4.946	1.246	8.982	5.95
15.82	6.384	4.857	2.829	7.413	3.551	2.646	5.506
8.318	7.156	13.8	6.778	1.233	4.348	6.379	0.7723
8.452	14.23	1.067	0	11.67	13.22	0	0
0	0	18.67	4.003	1.644	1.47	17.86	4.906
14.04	2.039	4.921	0.4163	10.28	2.031	13.19	1.116
6.784	1.906	8.251	6.287	2.018	0.4734	10.2	11.97
0.6003	11.29	8.144	2.53	0	13.5	2.861	8.582
0.4002	0	15.19	14.95	0	0	6.207	10.73
8.032	5.002	4.953	5.721	10.22	6.229	2.274	4.877
0	0	9.703	23.96	0	0	6.393	7.194
0.2859	0	12.65	14.78	0	0	9.654	9.797
5.241	5.241	3.736	10.14	5.918	5.918	5.006	5.721
9.7	10.98	10.18	3.693	5.805	6.428	0	0
5.927	4.288	6.927	3.32	5.332	8.546	4.963	7.394
3.306	5.727	9.233	12.9	4.061	2.193	2.102	7.166
0	0.9528	11.41	11.35	0	1.246	10.84	10.87
0.9528	0	4.163	23.9	0	0.5357	1.23	15.63
2.62	3.23	8.005	9.297	0.9344	0.8472	7.652	13.8
0	0	20.87	13.31	0	0	9.626	2.474
12.16	11.17	0	0	5.307	17.62	0	0
11.15	17.06	0.3736	0.1601	10.15	7.226	0	0
17.62	2.506	0.5977	0	11.97	3.351	0.5435	9.125
4.755	17.3	0	1.067	5.793	14.7	0	1.43
5.06	5.479	8.005	1.195	6.466	2.33	11.17	4.992
0.2287	0.7242	13.48	15.87	0	0	8.868	5.392
10.62	6.908	8.272	1.868	8.908	7.786	0	0
9.862	7.385	6.564	2.508	4.921	5.295	5.435	2.288
5.479	13.91	1.067	1.067	10.46	11.21	0.9297	0
2.306	0.5526	17.39	8.849	0.09967	0	5.135	9.769
16.01	6.956	0.6298	1.505	10.99	6.628	0	1.201
0.9528	0.6479	6.106	28.73	0	0	0.615	6.536
0	2.496	16.22	11.76	0	0.6727	6.079	5.907
1.734	4.164	5.113	1.067	2.816	11.13	14	2.861
0	0	9.948	14.27	0	0	5.735	12.86
0	0.9814	8.326	10.33	0	0	6.88	15.99
1.429	0.6479	16.84	5.593	0.5357	2.404	11.46	3.561
12.55	16.72	1.067	2.113	3.451	6.092	0	0
0	0.7051	14.67	14.37	0	0	3.533	8.567
0.4859	2.411	18.62	1.046	4.373	1.856	10.27	2.489
6.536	12.46	6.895	1.644	5.793	6.64	1.044	0.3862
5.708	10.17	4.259	5.839	4.049	9.854	0.4148	1.015
0	0	24.04	11.61	0	0	4.391	1.159
3.802	3.573	13.31	3.597	1.732	4.971	9.64	0
6.193	12.81	0	0	11.92	9.431	0	0
3.573	2.525	18.57	14.41	0	0	0	0
5.698	5.231	2.935	0.2562	5.32	15.25	2.517	1.774
4.764	3.526	9.18	12.17	2.118	2.865	2.002	2.288
0	6.622	15.58	0.6938	0	6.665	7.866	0.143
11.66	5.469	1.612	2.636	5.93	8.696	0.7294	0.7008
0	0.9528	5.817	20.87	0	0	2.36	7.366
8.576	17.09	0.6191	0	4.161	6.852	0	0
1.496	0.4097	14.6	9.756	0.08721	1.159	5.106	4.591
6.279	10.3	2.156	3.352	2.94	8.098	0.2574	3.804
0.5431	0.4097	5.977	9.799	0	0	13.29	6.536
10.17	11.86	0	0	6.902	6.179	1.43	0
0.7909	1.344	20.78	4.302	0	0.7226	8.095	0.4863
0	0	12.53	5.486	0	0	11.9	6.579
10.2	4.459	2.733	0.8005	10.6	6.067	0.8009	0.6293
0	1.391	7.931	10.62	0.8845	1.557	1.917	11.5
4.193	9.262	1.964	3.074	2.529	7.512	2.946	4.119
0.1048	0.848	11.79	11.26	0	0	1.945	9.525
0	0.343	9.318	11.65	0	0	6.422	7.709
0	0	6.479	9.841	0	0	18.48	0.615
0.6575	1.61	16.1	12.3	2.105	0.3862	2.145	0
0	1.639	12.66	8.304	0	0	6.522	5.406
0	4.059	2.274	6.095	0	11.76	0.7723	9.554
0	0	6.661	6.725	1.196	1.246	5.478	13.06
8.633	4.345	3.811	4.195	0.9344	4.522	2.245	5.621
0	0	11.93	7.429	0	0	8.682	6.079
0	0.7432	15.58	7.002	0	0	7.552	3.175
10.3	7.385	2.22	7.408	1.221	3.139	0.7151	1.43
9.204	9.871	4.387	1.783	1.968	6.129	0.2002	0
0.9338	0	19.75	7.92	0	0	4.262	0
1.906	0.9528	20.81	2.668	0	0	5.006	1.43
0	15.25	0	0	0	17.44	0	0
10.8	11.98	0	0	3.115	6.752	0	0
0	1.534	10.86	16.14	2.143	0.3488	0	1.43
4.821	2.582	5.049	5.582	4.024	3.115	4.319	2.889
0	0	2.967	8.838	0	0	13.73	6.522
0	0	6.084	8.326	0.1246	0	10.23	7.08
1.029	0	21.36	8.037	0	0	0	1.373
0	0	3.544	3.544	0	0	7.981	16.59
6.527	6.193	0.05337	3.149	8.098	7.599	0	0
0.9528	0.9528	4.003	7.739	1.246	0	12.87	3.576
3.344	4.526	1.59	5.049	7.525	3.139	1.445	4.62
0	2.859	10.67	6.532	0	0	6.121	4.605
8.223	6.251	2.54	1.729	4.597	7.176	0	0
0	0	8.507	4.793	0	0.2242	13.59	3.261
0	0.9528	5.54	9.639	1.246	0	7.423	5.449
6.67	4.631	1.409	7.472	3.737	4.871	0	1.43
0	0	14.71	1.217	0	0	10.07	3.976
0	0	1.911	8.742	0	0	6.522	12.79
0	0	7.952	7.173	0	0	5.478	9.282
2.382	0.9528	11.47	10.94	3.115	0	0	0.7151
0	0.9528	15.16	2.028	0	1.246	9.511	0.6436
2.096	8.29	9.02	0.4803	3.177	2.305	4.005	0
3.011	1.105	0.8966	3.288	10.09	10.89	0	0
9.328	3.059	2.626	5.316	5.033	2.442	0	1.402
6.575	6.527	0.8539	2.348	6.354	3.613	1.788	0.8582
2.439	3.278	6.116	11.03	1.109	0.137	1.788	2.503
0	0	7.344	7.504	0	0	6.436	7.065
0	0.5526	11.24	3.64	0	0.09966	9.697	2.975
0	0.4764	9.073	8.539	0	0	4.291	5.621
5.307	1.667	4.91	10.72	4.448	0.9344	0	0
0	0	3.971	10.44	0	0	5.321	8.238
0	0	9.425	4.152	0	0	11.84	2.145
0	0	2.177	1.046	3.688	0	15.4	5.249
0	0.6098	3.031	13.79	0	0	6.922	3.089
0	0	9.073	9.895	0	0	3.576	4.877
1.906	0	9.777	8.219	4.535	0	1.43	1.43
0.2001	7.118	17.91	2.007	0	0	0	0
9.309	3.23	1.067	0	12.97	0.5855	0	0
0	0	7.376	12.46	0	0	1.073	6.079
0	2.944	1.195	12.31	0.9717	1.52	3.661	4.291
6.47	9.185	0	0	1.694	9.518	0	0
0	0	4.889	10.29	0	0	1.745	9.611
0	0	14.91	6.266	0	0	2.975	2.031
1.305	7.537	0.1281	0	4.846	10.9	1.43	0
0	2.287	8.005	7.152	0	1.246	5.649	1.788
0	0	9.393	16.54	0	0	0	0
2.563	1.877	2.765	3.106	5.805	2.492	3.261	3.89
9.462	8.585	2.007	0	3.276	2.255	0	0
0	0.9528	2.263	10.48	0.6603	0.5855	4.291	6.036
0.7146	2.334	10.35	4.163	0	2.118	4.648	0.9297
0.667	3.716	9.98	5.817	0.4983	0	2.717	1.859
0	1.62	5.444	3.629	0	1.37	9.082	4.076
9.433	4.859	1.868	0.05337	3.426	5.544	0	0
2.982	11.82	0.8432	0.2242	3.164	6.129	0	0
0	0	10.8	8.582	1.246	0	1.373	2.918
1.229	10.53	0	0	1.146	11.69	0	0
0	0	15.91	8.304	0	0	0	0
6.327	4.154	0	0	9.73	3.8	0	0
0.9528	0	6.927	2.914	2.791	0.3239	4.677	5.335
4.764	6.213	2.647	0.5764	6.403	3.065	0	0
0	0	19.51	0	0	0	3.976	0
1.801	4.412	0.6938	13.08	0.9468	2.492	0	0
2.277	2.735	6.554	4.782	2.193	3.414	1.43	0
5.488	11.66	0	0	2.791	3.438	0	0
4.821	7.089	1.526	2.743	1.719	5.432	0	0
0	0	5.209	4.312	0	0	8.882	4.706
4.764	8.576	0	1.067	2.878	5.768	0	0
1.525	4.193	2.989	8.859	3.987	0	0.7866	0.6436
2.687	7.566	1.793	1.003	4.211	5.531	0	0
0	0.9528	6.981	2.626	0.6229	0.6478	9.654	1.073
0	0	1.025	15.37	0	0	1.316	4.706
0	0	6.298	9.905	0	0	3.461	2.746
0	0	2.21	14.66	0.01246	1.233	0	4.291
1.486	5.126	6.191	0	1.669	3.04	4.691	0
0.9528	0.2287	10.14	2.69	0	0	5.678	2.503
5.098	6.289	0	1.067	3.924	5.606	0	0
0	1.81	1.195	3.907	1.246	3.065	7.952	2.775
4.926	4.031	7.653	2.38	0	0.02492	0.3862	2.474
0.9528	0	0	4.27	1.557	0.07475	9.039	5.978
6.165	2.525	4.12	2.135	0	1.57	4.448	0.8725
0	0.01906	10.16	5.743	0	0.02492	1.874	3.847
0.9719	4.745	2.092	4.291	3.414	4.659	0	1.43
8.48	7.909	0	0	2.492	2.492	0	0
0.6289	0.324	6.746	3.683	2.492	0	3.189	4.091
2.496	5.021	2.807	0.3949	1.246	2.977	5.378	0.5292
2.106	3.611	0	0	10	5.12	0	0
0	0.03811	5.743	10.59	0	0	0	4.405
0	1.115	0.982	7.557	0	0	0	10.97
0	0	5.689	2.85	0	0	4.291	7.752
3.783	8.652	0	0	3.152	4.946	0	0
1.925	3.964	4.419	3.586	1.869	0.735	1.659	2.374
5.955	5.86	0	0	4.734	3.862	0	0
0.4764	0	3.202	10.89	0.6977	0	1.959	3.132
0	3.678	3.981	3.49	0	4.834	3.132	1.159
1.944	3.792	1.046	1.089	1.844	7.624	0.7723	2.088
0.9528	1.41	5.316	2.69	3.189	3.04	1.43	2.117
0	0	2.242	5.017	0	0	5.793	6.937
2.963	1.058	2.316	7.739	1.071	1.246	1.988	1.588
0	0.03811	4.302	4.899	0	0	7.08	3.647
1.963	0	3.64	7.568	3.974	2.604	0	0
2.496	1.201	4.536	2.017	2.803	0.7849	3.218	2.675
1.744	2.144	8.112	4.803	0	0	1.187	1.673
0	3.811	0.2562	0	1.246	7.201	6.036	1.087
4.097	0.2859	3.469	3.149	1.62	0	3.576	3.433
4.278	4.907	2.797	0.9393	1.694	5.008	0	0
0	0.2859	14.78	4.323	0	0	0	0
0.7909	3.973	1.334	4.985	2.068	6.229	0	0
2.068	0.7909	4.003	7.29	1.146	2.591	0	1.43
1.191	3.364	2.562	2.54	1.831	6.391	0	1.43
0.1334	0.8194	3.586	5.486	1.246	0	3.533	4.491
2.468	1.734	5.07	3.811	0	0	4.291	1.888
7.27	3.04	0	1.067	1.246	6.304	0	0
0	0	7.557	3.117	1.034	0.2118	2.632	4.291
1.372	0.5336	8.571	2.893	0.3488	0	5.006	0.08582
1.849	2.859	2.135	2.092	1.246	0.02492	2.832	5.721
5.098	6.794	0	1.067	1.557	2.641	0.8868	0.5435
0	0.324	3.031	12.25	0	0.4236	1.43	0.9726
3.487	2.201	4.227	2.903	1.171	1.321	0.3147	2.503
1.667	2.754	1.217	2.06	2.492	0	1.788	6.079
8.299	3.649	0	0	2.155	3.787	0	0
2.878	1.058	4.547	6.917	1.096	1.395	0	0
2.63	2.839	1.622	2.135	3.09	1.246	0.0143	4.276
2.144	2.83	2.103	5.091	1.246	0	2.846	1.445
0	0	4.045	0.6725	0	0	7.437	5.378
2.62	0.02859	2.572	8.443	1.208	2.529	0	0
0	2.839	1.622	2.252	0	2.953	0.9011	6.751
0	0	6.234	0.8859	0	0	7.638	2.374
0	0	4.44	4.099	0	0	5.335	3.247
2.716	1.382	1.281	1.388	5.544	3.924	0	0.8582
0.8671	4.526	0.9713	1.334	5.158	2.093	0	2.117
0	0	12.46	0.1708	0	0	2.632	1.659
0	0	6.97	6.308	0	0	1.788	1.788
0.2954	7.08	0	1.131	1.719	5.133	0	1.43
0.4288	2.144	2.989	4.376	0.9966	1.495	1.287	3.004
7.527	5.088	0	0	3.152	0.9344	0	0
0	1.906	5.23	2.242	0	0	3.004	4.291
0.4955	1.191	11.97	1.537	0	0	1.43	0
0	1.887	2.668	7.216	0	0	1.802	2.861
0	0	4.408	3.469	0.1495	0	6.064	2.317
0.02859	2.677	6.532	4.675	0	0	1.073	1.387
0.9528	0.4574	1.334	2.999	3.737	1.819	2.446	2.589
4.421	5.279	0	1.067	2.13	3.252	0	0
0	0	14.48	1.654	0	0	0	0
8.29	3.983	0	0	1.246	2.492	0	0
0	0	7.845	6.671	0	0	0.7866	0.6436
0	0	5.465	0.4056	0	0	1.774	8.238
2.296	2.468	7.184	2.423	1.134	0.1121	0	0
0.1715	0.7813	7.514	5.593	0	0	1.43	0
0.9528	0	4.408	4.344	0	0	1.344	4.377
0	0	6.757	5.689	0	0	1.43	1.43
2.182	2.106	0	4.099	4.672	2.23	0	0
0	0	10.78	1.601	0	0	2.002	0.8582
3.506	4.288	0.3629	0.7045	0.8472	5.494	0	0
0	0	3.597	3.48	0	0	6.25	1.802
2.859	4.269	0.523	2.402	1.856	2.504	0	0.7151
3.163	3.811	1.697	1.334	2.068	0	2.861	0
0	0.2001	0.982	5.113	0	0	4.291	4.291
2.363	4.536	1.057	1.078	0	4.036	1.416	0.3576
1.143	4.002	0.6404	1.334	1.993	0.9344	3.075	1.716
0	2.249	1.697	5.871	1.246	0	1.43	2.274
4.021	5.584	0	0	1.383	3.7	0	0
4.288	1.906	1.067	0	2.18	5.22	0	0
0	0	1.751	0.5337	0	0	9.654	2.703
0	0	4.142	6.127	0	0	0.3004	3.99
0	0.9528	3.864	4.675	0	0	1.487	3.518
5.717	2.077	1.067	0	2.803	2.803	0	0
1.944	4.25	1.153	2.049	2.13	2.803	0	0
0	0	9.382	2.829	0	0	2.117	0
0.03811	0	5.017	0	0	1.246	7.151	0.8295
1.134	2.677	3.458	1.879	0.7849	4.348	0	0
2.411	3.173	0.918	0	2.492	2.766	2.46	0
0.5241	0.4288	1.601	4.216	0.9344	2.242	0.2861	3.933
1.048	0	3.309	7.258	1.931	0.5606	0	0
2.63	2.496	0	0	4.983	3.887	0	0
0	0	3.458	4.931	0	0	4.462	1.087
3.03	3.649	0	0	4.572	1.246	0.6007	0.8295
2.592	3.125	1.035	0.03202	1.831	5.295	0	0
2.201	5.641	1.067	0.8219	0.04983	4.024	0	0
4.135	6.765	1.067	0	1.246	0.5855	0	0
1.201	3.087	0	0	6.665	2.828	0	0
2.001	0	2.722	3.576	0	0	2.431	3.004
2.725	3.726	0.4163	1.067	0	4.286	0.5149	0.9154
0	0	5.977	5.23	0	0	1.573	0.8582
0.3526	0.829	2.797	0.2775	1.557	4.348	1.974	1.43
6.346	2.62	0	0	3.289	1.246	0	0
0	0	4.28	4.793	0	0	3.49	0.8868
0	0.8766	4.206	5.486	0	0	0	2.861
0.9528	0.9528	1.099	4.238	1.246	1.943	1.473	1.387
2.354	4.688	0	0	2.766	3.463	0	0
1.391	0.1525	0.3095	1.292	0	0.04983	3.919	6.15
0	0.848	4.867	3.138	0	0	1.63	2.66
0	0	4.462	7.194	0	0	0.3004	1.13
2.878	3.316	0	0	2.492	4.311	0	0
0	0	10.41	2.562	0	0	0	0
0	0	3.01	2.199	0	0	5.635	2.06
0	0	1.836	4.27	5.158	0.1744	1.43	0
3.383	2.525	0.5871	0.4803	3.115	2.741	0	0
0.7432	1.248	6.372	1.067	0.9717	0.9344	1.43	0.04291
0	0	4.686	3.32	0	0	2.303	2.389
0.9528	8.137	0.8753	0	1.159	1.557	0	0
0	0	1.558	1.686	0	0	7.094	2.26
2.535	0.324	1.43	0.6191	1.246	0	5.607	0.8295
0	0.6575	2.668	3.811	0	0	2.861	2.417
0	0	1.879	1.58	0	0	3.561	5.363
2.096	3.144	0	0	1.184	5.918	0	0
1.143	0.1906	2.242	0	7.911	0.6852	0	0
2.544	3.211	0.4483	2.754	2.23	0.9842	0	0
0.4859	0.9528	2.135	6.404	0	0	0	2.131
4.869	2.449	0.9927	0.459	0.5357	2.803	0	0
3.764	4.335	0	0	0.8721	3.115	0	0
0	0	0.3629	1.943	0.5108	2.803	1.302	5.135
0	0	4.59	5.593	0.8845	0.9842	0	0
0	0	11.37	0.5764	0	0	0	0
3.83	1.563	0	0.7045	1.47	4.36	0	0
0	0	7.525	3.149	0.1869	1.059	0	0
0	1.086	6.212	2.668	0.3115	1.557	0	0
0.7718	1.667	0.8646	3.533	0	1.246	0	3.661
0	0	3.693	0	0	1.271	3.919	2.832
0	0	3.159	3.821	0	1.196	1.788	1.731
0	0	1.943	0	0	0	8.782	0.9154
0	0	3.683	4.803	0	0	1.716	1.43
0	2.363	1.622	1.067	0.01246	3.713	0.3433	2.489
1.439	1.42	2.722	4.75	1.246	0	0	0
2.754	5.708	0	0	1.557	1.557	0	0
0	0	4.163	1.654	0	0	5.292	0.4291
4.717	3.573	0	0	2.305	0.9344	0	0
0.6956	1.172	5.337	1.644	0.2865	0.9593	1.43	0
2.439	1.906	0	3.33	0	0	1.159	2.675
3.335	2.458	0	2.135	0.9842	2.492	0	0
0	0	6.202	3.405	0	0	1.745	0
0	0	3.907	6.009	0	0	0.7723	0.6579
2.792	4.297	0	0	0.6977	3.513	0	0
0	0	1.334	2.935	0	0.8222	0.5864	5.592
0	0	2.306	1.964	0	1.968	2.131	2.875
1.906	4.288	0.8005	0.2668	1.869	0.6229	1.43	0
0	0	0.8326	4.536	0	0	0	5.807
2.658	1.782	0	2.135	0.5731	2.591	1.13	0.3004
1.706	2.106	0.491	5.422	0	0	0	1.43
0	0	1.633	8.998	0	0	0	0.5149
1.991	1.039	0.9713	1.505	3.85	1.782	0	0
0	0.6193	3.629	2.775	0.4983	0.7475	1.144	1.716
1.715	0	4.27	4.59	0	0.2492	0	0.2861
0.7337	0.2382	4.718	1.11	0	0	1.373	2.918
0.4574	1.448	6.319	0.08539	2.492	0.2865	0	0
1.667	1.667	0	0	2.84	4.909	0	0
1.906	0.4192	1.345	4.462	0.6977	0	1.073	1.159
2.201	2.563	1.644	0.491	1.246	0.04983	2.203	0.6579
0	0	0.6831	8.923	0	0	0	1.43
0	0	2.935	5.924	0	0	0.5721	1.573
2.058	6.327	0	0	1.022	1.47	0	0
0	0	3.405	4.6	0	0	1.373	1.487
0	0.7432	0.7685	4.099	0	0	0.04291	5.135
3.754	5.298	0	0	1.009	0.6229	0	0
1.496	4.011	0.07472	0.9927	0.6229	2.043	0.8152	0.615
0	0	1.548	2.295	1.246	0	2.288	3.29
0.4288	1.477	2.135	6.618	0	0	0	0
0	0	4.003	0.491	0	0	4.348	1.788
5.193	1.191	0.6404	1.494	0.6229	0	1.43	0
0	0	3.608	3.288	0	0	0.6579	2.975
4.212	3.888	0	0	1.246	0	0	1.173
1.048	2.859	0	0	3.737	2.865	0	0
0	0	5.252	3.821	0	0	0	1.43
0	0	2.113	5.892	0.3364	2.155	0	0
0.5431	0.4097	6.33	1.868	0	0.3987	0	0.9154
0	0.9528	1.772	4.451	0	0.4111	0.2288	2.632
0.3144	0.6384	4.622	4.814	0	0	0	0
3.573	1.544	0	1.067	1.395	2.803	0	0
2.506	7.27	0	0	0	0.5731	0	0
0	0.3716	4.44	0	1.246	0	0.4005	3.89
1.953	2.716	0.4803	0.5871	0.5606	3.924	0	0
1.448	3.811	0	0.5337	0.01246	4.398	0	0
0.7146	1.591	2.22	3.031	0.4111	2.081	0	0.1144
1.372	3.278	0	0	1.794	3.663	0	0
1.467	0.4383	1.377	5.561	0.6727	0.5731	0	0
0	1.715	1.121	1.868	3.364	1.993	0	0
0	0	5.497	2.402	0	0	1.287	0.8582
0.9528	0	1.067	7.973	0	0	0	0
1.029	3.24	1.686	1.964	1.146	0.9219	0	0
0	0	2.861	4.462	0	0	1.173	1.43
0.9528	0	0.8005	1.761	0.436	0.1869	1.216	4.505
0	0	5.017	0.6404	0	0	2.503	1.645
2.887	0.4478	0.2348	1.9	2.492	1.831	0	0
0	0	4.344	4.003	0	0	0	1.43
0	0.4478	1.067	0	4.286	2.529	0.3147	1.116
0	0	0.3309	4.131	0	0	0	5.263
0	1.01	0	3.33	0	0.9717	0	4.377
1.353	1.658	0	1.686	1.557	3.426	0	0
0	3.43	0	0	1.943	4.286	0	0
5.917	3.687	0	0	0	0	0	0
0.3621	1.772	0.3949	4.942	0	0.1495	0.5435	1.43
0	0	2.402	3.149	0	0	0	4.005
1.458	0	4.739	3.33	0	0	0	0
0	0	4.483	2.348	0	1.246	0.6436	0.7866
0	0	3.053	2.434	0	0	2.66	1.316
0.324	6.994	0	2.135	0	0	0	0
0	0	1.334	3.426	0	0	2.889	1.774
0	6.155	0	0	0	3.264	0	0
0	0	1.334	3.789	0	0	1.287	3.004
0.7432	6.365	0	0	0.7101	1.557	0	0
1.706	5.345	0.459	0.6084	0	1.246	0	0
2.258	0.1239	0.3949	1.74	4.522	0.299	0	0
0	0	2.53	1.74	0	0.7724	3.747	0.5435
0	0	4.6	2.935	0	0	1.387	0.3576
0	0	2.935	3.469	0	0	0.3576	2.503
0	2.859	0	6.383	0	0	0	0
0	0	2.679	5.316	0	0	1.201	0
1.191	0.7337	2.466	0.8219	1.196	1.296	1.487	0
0	0	2.498	1.238	0	1.246	2.389	1.788
2.001	1.048	0	0	1.121	4.983	0	0
1.258	2.144	1.644	1.558	1.694	0.7973	0	0
0	0.9528	3.843	0.7472	0.6229	0	1.359	1.502
0.5908	0	1.27	2.935	0.2367	3.899	0.08582	0
0.2573	0.6956	2.38	5.582	0	0	0	0
2.03	5.593	0	0	1.246	0	0	0
0.05717	0.8957	0.06404	4.536	0	0	0	3.304
3.849	3.983	0	0.9927	0	0	0	0
0.9528	0	5.828	2.007	0	0	0	0
0	0	5.711	2.999	0	0	0	0
1.906	0	2.177	2.049	2.23	0.2616	0	0
0	0	1.003	3.266	0	0	1.344	2.946
0	0	3.618	2.017	0	0	2.303	0.5578
0	0	0.7579	7.248	0	0	0	0.4577
0	0.4574	0	3.715	0	0	0.7437	3.547
0.9528	0.8385	3.875	1.185	0	0	1.602	0
0	0.9528	1.868	5.604	0	0	0	0
0	2.401	0.5764	3.245	0	0	0	2.174
0.9528	1.906	1.42	0.7152	0.9344	0.8347	1.43	0
0	0	0	4.163	0	1.495	0	2.431
0	0.5145	3.021	1.783	0	0	2.746	0
0	0	0.4376	6.863	0	0	0	0.7151
1.258	2.554	0	0	3.227	0.9344	0	0
0	0	4.056	1.067	0	0	2.503	0.2861
0	0.03811	1.686	0.4483	0	0	4.82	0.9011
1.401	3.097	0	0	0	3.389	0	0
0	0	4.366	3.32	0	0	0.1716	0
0	3.402	0	0	1.246	3.202	0	0
0	0.5717	2.829	0.1601	0	1.993	0.5006	1.788
0	0.02859	3.17	2.604	0.5855	0	0	1.43
0.7432	0.2096	1.932	1.772	0	3.152	0	0
0.3716	1.248	1.334	1.719	1.557	0.137	0	1.43
0	0.3144	6.138	1.345	0	0	0	0
0	0	1.249	5.113	0	0	0.7723	0.6579
0	0	2.935	1.612	0	0	0.0143	3.218
0	0	2.274	1.185	0	0	1.273	3.018
2.525	0	1.067	0	0.7475	0.4983	1.43	1.43
2.973	0.8385	0	0	0.6229	3.264	0	0
0	0	0	2.135	1.246	0	2.474	1.788
1.906	1.906	0	0	3.737	0	0	0
1.915	0.2382	0	0	4.647	0.6603	0	0
0	0	0.8005	1.046	0	1.296	1.101	3.189
0.6575	0.2954	4.942	1.526	0	0	0	0
1.191	0.2382	2.668	0	0	1.869	1.43	0
0	0.4192	4.27	0	2.641	0	0	0
0	0	7.13	0	0	0.1495	0	0
0	0	3.202	2.54	0	0	0.5292	0.9011
0	0	5.006	0.7685	0	0	1.387	0
1.039	1.991	0	1.601	0	1.246	0	1.201
1.906	0	0	0	2.18	1.557	1.43	0
0	0	0.06404	6.938	0	0	0	0
0	0.2096	2.071	3.266	0	0	0	1.43
0.1906	0.7623	0.2668	1.388	1.744	2.616	0	0
0	0	1.772	1.868	0	0	0	3.318
0.4764	0	3.864	2.54	0	0	0	0
0	0.8099	0.6404	2.562	0	0	0.2861	2.574
1.772	1.906	0.95	2.017	0	0.1744	0	0
0	0	5.07	0.3095	0	0	1.015	0.4148
0	0	4.024	1.356	0	0	0	1.43
0	0	1.334	4.536	0	0	0.8868	0
0	0	3.085	0.8005	0	0	1.788	1.073
1.429	1.906	0	0	0.7599	2.629	0	0
0	0	0.6725	0.3949	1.246	0	1.616	2.675
0	0	1.868	1.868	0	0	0	2.861
1.191	0.5717	0	0	1.869	1.495	1.43	0
2.182	0.2763	0	1.516	0.7226	1.819	0	0
0	0	2.999	3.469	0	0	0	0
0.3144	4.278	0	0	0.5232	1.345	0	0
0	0.9528	2.775	0	0	1.246	1.43	0
0.7242	1.906	0	0	1.844	1.894	0	0
1.229	2.544	0	0	1.819	0.7226	0	0
0	0	3.672	2.636	0	0	0	0
0	0.9528	5.337	0	0	0	0	0
3.373	1.029	0	0	0.6727	1.196	0	0
0.01906	0.9338	2.626	2.69	0	0	0	0
0	0	2.999	1.804	0	0	0.3862	1.044
0	0	0.8753	1.067	0	0	0	4.291
0	1.429	3.725	0.5444	0.5232	0	0	0
3.573	2.62	0	0	0	0	0	0
0	0	0.3095	2.893	0	0.04983	0	2.861
0	0	4.024	0.8219	1.246	0	0	0
0	0	1.067	0.918	0.8472	0.3987	2.403	0.4577
0	0.3049	0.4376	0.6298	0	0.3987	1.43	2.861
0.3049	1.296	0.918	1.217	0.3987	1.919	0	0
0	2.801	2.338	0.8646	0	0	0	0
0.3716	0.5812	0.95	1.185	0	0	1.273	1.588
0	0	1.195	0	0	0.5482	4.091	0
0	0	1.334	0.5444	0	0	3.204	0.7437
0	0.8766	0.7578	1.377	0	0	0.3004	2.446
0	0	3.875	1.857	0	0	0	0
0	1.486	0.6618	0.9393	0	2.641	0	0
0	0	0	0	0	0	1.759	3.962
1.191	0.0667	0.5337	3.928	0	0	0	0
0	0.7242	0.01067	2.124	0	0	0.0143	2.846
0.2763	0.6765	3.554	1.206	0	0	0	0
0	0	0.9713	1.868	0	0	2.603	0.2574
0.9528	0	0	4.718	0	0	0	0
0	0.3811	0.8539	1.708	0	0	0.4291	2.288
0	1.982	0	1.067	2.068	0.5232	0	0
0	0	0	3.715	0	0	0	1.888
0	0.03811	0	3.458	0	0.6727	0	1.43
0.2382	0.7146	1.067	2.135	0	0	0	1.43
0.9528	0	0.06404	2.071	0.6977	1.794	0	0
0	0	0	0	0.7724	0.4734	0.3719	3.919
0	0	0.8646	0.2668	0	0	2.317	2.06
0.4764	0.5908	0	0.6618	2.791	0.9468	0	0
1.191	0.7146	1.067	0	0.3115	2.18	0	0
1.096	1.191	0	0	1.993	1.121	0	0
0	0	1.195	1.345	0	0	0	2.861
0.162	0.7909	1.964	1.238	0.8347	0.4111	0	0
0.9528	0.9147	1.292	0.8432	0	0	0	1.373
0	0	0	1.067	0	0	1.931	2.36
2.468	1.82	0.1815	0.8859	0	0	0	0
0	0	3.747	1.59	0	0	0	0
0	2.287	0	0	0	2.99	0	0
0.2954	1.725	0	0.06404	0.3862	2.803	0	0
1.067	1.906	0	0	1.009	1.246	0	0
0.8385	0.1143	1.345	2.925	0	0	0	0
0	0.2001	1.025	1.11	0	0	2.803	0.05721
0.3049	2.554	0	0	0	2.292	0	0
0.05717	1.849	0.8005	2.402	0	0	0	0
0	0.8004	1.356	2.914	0	0	0	0
0.3811	0.5717	2.668	0	0	0	0	1.43
0	0	2.476	1.067	0	0	0.1287	1.302
1.667	0.3526	0	2.946	0	0	0	0
0	0	0.9607	0.8539	0	0	3.147	0
0	0	0	0	2.068	2.878	0	0
0.3144	2.22	0.8859	0.2668	0	1.246	0	0
2.468	0.08576	2.327	0	0	0	0	0
0	0	0.6511	0.95	0	0	0	3.261
0	0	1.067	0	0	0	0	3.776
0	0	0	1.943	0	0	1.43	1.43
0	0.2287	0.8112	3.715	0	0	0	0
0	0.4383	1.74	2.53	0	0	0	0
0	0.8957	1.868	1.932	0	0	0	0
0	0	2.327	2.306	0	0	0	0
0	0	0.8539	2.348	0	0	0	1.43
0	0	2.135	1.067	0	0	0.8725	0.5578
0	0	1.921	1.281	0	0	1.43	0
0	0	1.11	2.092	0	0	0	1.43
0	0	2.252	2.359	0	0	0	0
0.4669	1.877	0.523	0.5444	0	1.196	0	0
0.9528	0	1.153	0.982	0	0.04983	0.4148	1.015
0	0.2668	0	1.751	0	0	0.5578	1.988
0	0.01906	2.359	0.8005	0	0.6478	0.6865	0
0	0	1.857	1.879	0	0.7724	0	0
1.906	0	0.02135	1.046	1.196	0.3364	0	0
0	0	4.43	0.05337	0	0	0	0
0	0	2.935	0.1174	0	0	1.23	0.2002
0	0	1.302	0	0	0	1.831	1.344
0	0	0.8219	0.7792	0	0	1.101	1.759
0.4859	0	2.679	0	1.246	0	0	0
0	0	1.569	1.035	0	0	1.387	0.3576
0.324	0.6289	0	1.067	0.6229	0	1.43	0.2574
0.2001	1.667	0	0	0	2.442	0	0
0	0	3.127	1.163	0	0	0	0
0	0	3.843	0.427	0	0	0	0
0	0	2.604	1.665	0	0	0	0
0	0	1.943	2.327	0	0	0	0
0	0.5145	2.402	1.334	0	0	0	0
1.239	1.62	0	0	0.9967	0.3737	0	0
0	0	1.836	2.37	0	0	0	0
0	0.9624	0.982	0.08539	1.146	0.3115	0.7151	0
0.2382	0.848	0	1.067	2.043	0	0	0
0.4859	0.4669	0.555	1.58	0	0	0	1.087
0	0	0	0	1.233	0.01246	2.846	0.0143
2.668	0.1906	0	0	1.121	0.1246	0	0
0	0	2.316	0.3522	0	0	1.43	0
0	0	0.8646	0.2028	0	0.07475	0.4434	2.503
0	1.22	0	0	2.492	0.3239	0	0
0	0	0	0	0	0	1.302	2.732
0.2001	1.667	0.982	1.153	0	0	0	0
0	0	1.334	1.622	0	0	0.6865	0.3576
0	0	1.035	2.935	0	0	0	0
0	0	3.928	0	0	0	0	0
0	0	0.4803	0.5871	0	0	2.002	0.8582
0	0	0	1.067	0	0	0.472	2.389
0	0	1.067	0	0	0	0.5149	2.346
0	0	1.067	0	0	0	2.489	0.3719
0	0	0.7365	0.3309	0	0	1.702	1.159
0	0	2.935	0.8005	0	0.1744	0	0
0	0	1.046	0	0	0	0.7437	2.117
0	0	1.142	2.06	0.6977	0	0	0
0	0.9528	1.612	1.334	0	0	0	0
0.9528	0	0.4483	1.238	1.246	0	0	0
0	0	0	1.003	0	0	1.344	1.516
1.525	0	1.067	0	0.8098	0.436	0	0
0.9243	1.667	0	0	1.246	0	0	0
0	0	0	2.135	0	0	0	1.702
0	0.9719	1.868	0.2455	0	0	0	0.7437
0.5908	2.82	0	0	0	0	0	0.4148
0	0	0	1.067	0	0	0	2.746
0.3621	1.906	0.9286	0.1388	0.4734	0	0	0
0.8385	0.5908	0.9286	0.6725	0	0.7724	0	0
0	0	0.09607	3.448	0	0	0.2574	0
0	0	0	3.757	0	0	0	0
0	0	2.263	1.473	0	0	0	0
1.191	1.458	0	1.067	0	0	0	0
0	1.906	0	0	0.8596	0.9344	0	0
0	0.03811	1.558	0	0	0	0.6579	1.43
0	0.4764	2.402	0.8005	0	0	0	0
0.5526	0	0.8005	2.316	0	0	0	0
0.9528	0	0.6404	0	0.3737	0.2492	0	1.43
0	0	0	2.348	0	0	0.5721	0.7151
0	0	0.7685	0	0	0	0	2.861
0	1.162	1.035	1.099	0	0.2741	0	0
0	0	0	2.135	0	0	0	1.43
0	0	0.7045	1.43	0	0	0.1144	1.316
0	0	0.523	1.612	0	0	0	1.43
0.5908	0	2.797	0	0	0	0.1716	0
0	1.429	0	0.9607	0	1.121	0	0
0	0	0.4483	1.686	0	0	0	1.373
0	2.573	0	0	0	0.9219	0	0
0	0	0	1.067	0.9966	0	0.6436	0.7866
1.849	0.9719	0	0	0.598	0	0	0
0	0.09528	0	1.281	0	0	1.073	0.9297
0	0	1.388	1.975	0	0	0	0
0.1715	0	0.07472	0.459	0	0	0.8152	1.788
0.9528	0	0	1.067	1.246	0	0	0
0.9528	0	1.067	1.067	0	0	0.1716	0
0	0.8957	0	0	0	0.897	1.387	0.04291
0	0	1.686	1.516	0	0	0	0
0	0	0.6938	2.508	0	0	0	0
0	0	0.7365	2.466	0	0	0	0
0	0	2.017	1.185	0	0	0	0
0	0	1.548	1.654	0	0	0	0
0	0	2.135	1.067	0	0	0	0
0	0	2.37	0.8326	0	0	0	0
0	0	0.9713	2.231	0	0	0	0
0	0	2.135	1.067	0	0	0	0
0	0	1.099	2.103	0	0	0	0
0	0	1.644	1.558	0	0	0	0
0.5145	1.391	0	0	0.6727	0.5731	0	0
0.9528	0	1.014	1.121	0	0	0	0
0	0	2.871	0.2028	0	0	0	0
0	0	0.555	0	1.532	0.9593	0	0
0	0	0.982	0.6191	0	0	0.472	0.9583
0	0.5241	0	1.067	0	0	1.43	0
0	0	0.5657	1.334	0	0	0	1.116
0	0	1.921	1.067	0	0	0	0
0	0	0.6191	2.359	0	0	0	0
1.172	0.7337	0	1.067	0	0	0	0
0	0	0	0	0	0	1.602	1.344
0	0	2.946	0	0	0	0	0
0	0	0.7152	0.8005	0	0	0.2431	1.187
0.6289	0	0.09607	0.9713	1.246	0	0	0
0	0	0	0.4056	0	0	0	2.517
1.639	0.9528	0	0	0.2741	0	0	0
0	0	0	0	0	0	1.43	1.43
0	0	0	0	0	0	0.7437	2.117
0	0	0	0	0	0	1.902	0.9583
1.201	1.658	0	0	0	0	0	0
0	1.906	0.8753	0	0	0	0	0
0	0	0.02135	2.071	0	0	0	0.6865
0	0	0	0	0	0	0.9583	1.788
0	0	2.071	0	0.6229	0.03737	0	0
0	0	1.377	1.334	0	0	0	0
0	0	1.697	0.982	0	0	0	0
0	0	2.316	0.3522	0	0	0	0
0	0	1.195	0	0	0	0.2717	1.159
0.2859	0.1906	1.921	0.2135	0	0	0	0
0	1.01	0	0	0.6603	0.9344	0	0
0	0	0	1.067	0	0	1.287	0.143
0	0	0	1.067	0	0	0.5006	0.9297
0	0	0	1.067	0	0	0.3719	1.058
0	0	0	1.067	0	0	0	1.43
0	0	0	1.067	0	0	0	1.43
0	0	0.7152	0.3522	0	0	0.9583	0.472
0	0	0.6191	0.4483	0	0	0.1144	1.316
0	0	0	0	1.171	1.321	0	0
0	0	0	0	1.483	1.009	0	0
0	0.1715	0.9927	0.07472	1.159	0.08721	0	0
0.505	0.4478	0	0	1.52	0	0	0
0	0.5241	0	0	0	1.931	0	0
0	0	0.95	1.484	0	0	0	0
0	0	0.8539	0	0	0	1.573	0
0.8766	0.07623	0	0.7258	0	0	0.6007	0.1144
0	0.2573	0	2.135	0	0	0	0
0	0	1.324	1.067	0	0	0	0
0.3335	0.6193	0	0	0	0	0	1.43
0	0	0.9393	0	0	0	1.43	0
1.906	0.4574	0	0	0	0	0	0
0	0.4764	0.8753	0.1921	0	0	0	0.8152
0	0	2.135	0	0.1993	0	0	0
0	0	0	1.067	0	1.246	0	0
0	0	1.067	0	0.9344	0.3115	0	0
0	0	0	1.067	0	1.246	0	0
0	0	0	0	0	0.7973	1.273	0.1573
0	1.591	0	0	0	0.6229	0	0
0.04764	0.9052	0	0	0.6852	0.5606	0	0
0	0.7813	0	1.409	0	0	0	0
0.3526	0.6003	0.4056	0.7899	0	0	0	0
0	0	0	2.135	0	0	0	0
0	0	1.174	0.9607	0	0	0	0
0	0	2.135	0	0	0	0	0
0	0	0.2135	1.921	0	0	0	0
0	0	0.5337	1.601	0	0	0	0
0	0	0.3843	1.751	0	0	0	0
0	0	0.5337	1.601	0	0	0	0
0	0	0.7685	1.366	0	0	0	0
0	0	1.067	1.067	0	0	0	0
0	0	0.4376	1.697	0	0	0	0
0	0	0.4163	1.719	0	0	0	0
0	0	1.067	1.067	0	0	0	0
0	0	1.067	1.067	0	0	0	0
0	0	1.067	1.067	0	0	0	0
0	0	1.057	1.078	0	0	0	0
0	0	0	0.5764	0	0	0	1.545
0	0	0	0.6831	0	0	1.43	0
0.667	0	1.441	0	0	0	0	0
0	0	0	0	0.5108	1.557	0	0
0	0.9528	0	0	0	1.084	0	0
0	0	0	0.5337	1.246	0.2492	0	0
0	0.9528	0	1.067	0	0	0	0
0	0.9528	0	1.067	0	0	0	0
0	0.9528	1.067	0	0	0	0	0
0	0.9338	0.7792	0.2882	0	0	0	0
0	0	0	0.7472	0	1.246	0	0
0	0	0.09607	1.868	0	0	0	0
0	0	1.238	0	0	0	0.7151	0
0	0	0.5123	0	0	0	0.3862	1.044
0	0	0	0	0.4983	0	1.216	0.2145
0	0	0.8539	1.067	0	0	0	0
0.4764	0	0	0	0	0	0	1.43
0	0	0	0	0	0	1.43	0.472
0	0	1.644	0.2562	0	0	0	0
1.858	0	0	0	0	0	0	0
0	0	1.857	0	0	0	0	0
0	0	0.427	0	0	0	0	1.43
0.9528	0	0	0	0	0.897	0	0
0	0	1.334	0.5123	0	0	0	0
0	0	0.2242	0.8432	0	0	0.7723	0
0	1.829	0	0	0	0	0	0
0	0.7242	0	0	0	0	0	1.087
0	0	1.067	0	0	0	0	0.7151
0	0	1.751	0	0	0	0	0
0	0.9528	0.7792	0	0	0	0	0
0.2096	1.486	0	0	0	0	0	0
0	0	0	0	1.694	0	0	0
0	0	0	1.067	0	0.6229	0	0
0	0	0	1.686	0	0	0	0
0.07623	0.8766	0.7152	0	0	0	0	0
0	0.6003	0	1.067	0	0	0	0
0	0	0	1.067	0	0.5855	0	0
0	0	0.7045	0	0	0	0.944	0
0	1.639	0	0	0	0	0	0
0	0	1.067	0.459	0	0	0.1001	0
0	0	0	1.601	0	0	0	0
0.5336	0	0.2028	0.8646	0	0	0	0
0	0	0.1494	0	0	0	0	1.43
0.2573	0.7146	0	0	0.598	0	0	0
0	0	0	0	0	0	1.545	0
0	0.4383	1.067	0	0	0	0	0
0	0	0	0.07472	0	0	1.173	0.2574
0	0	0.8753	0	0	0.6229	0	0
0	0.08576	1.238	0.1708	0	0	0	0
0	0.4002	1.067	0	0	0	0	0
0	0.3811	0	1.067	0	0	0	0
0	0	0	0	0	0	1.273	0.1573
0	0	0	0	0	0	0.5006	0.9297
0	0	0	0	0	0	0.3576	1.073
0	0	0	0	0	0	0	1.43
0	0	0	0	0	0	1.43	0
0	0	0	0	0	0	0	1.43
0	0	0	0	0	0	0.758	0.6722
0	0	0	0	0	0	0	1.43
0	0	0	0	0	0	0	1.43
0	0	0	0	0	0	1.43	0
0	0	0	0	0	0	0.2574	1.173
0	0	0	0	0	0	0.1859	1.244
0	0	0	0	0	0	0.8438	0.5864
0	0	0	0	0	0	0	1.43
0	0	0	0	0	0	0	1.43
0	0	0	0	0	0	0.5578	0.8725
0.8194	0.6098	0	0	0	0	0	0
0	0	0.5764	0.491	0	0.3613	0	0
0	0	1.067	0	0	0.3239	0	0
0	0	1.067	0	0	0.299	0	0
0	1.182	0	0	0.162	0	0	0
0	0	0.0427	1.025	0.2616	0	0	0
0	0	0	0	0	0	1.316	0
0	0	0.5017	0.8005	0	0	0	0
0.5908	0	0	0	0.6977	0	0	0
0	1.077	0	0	0	0	0	0.1859
0	0	0	0.9607	0	0	0	0.2861
0	0	0	0	0.2367	1.009	0	0
0	0	0	0	1.246	0	0	0
0	0	0	0	0.7475	0.4983	0	0
0	0	0	0	0	1.246	0	0
0	0.1525	0	1.067	0	0	0	0
0	0	1.067	0.1388	0	0	0	0
0	0	1.174	0	0	0	0	0
0	0.009528	0	0.5337	0.6229	0	0	0
0	0	0	0	0	0.4485	0.7151	0
0	0.07623	0	1.067	0	0	0	0
0	0	0	1.067	0	0	0	0
0	0	1.067	0	0	0	0	0
0	0	0	1.067	0	0	0	0
0	0	0.3309	0.7365	0	0	0	0
0	0	0	1.067	0	0	0	0
0	0	0.2668	0.8005	0	0	0	0
0	0	0	1.067	0	0	0	0
0	0	1.067	0	0	0	0	0
0	0	0.6938	0.3736	0	0	0	0
0	0	0.5657	0.5017	0	0	0	0
0	0	0.2135	0.8539	0	0	0	0
0	0	0.3309	0.7365	0	0	0	0
0	0	1.067	0	0	0	0	0
0	0	0.9073	0.1601	0	0	0	0
0	0	1.067	0	0	0	0	0
0	0	1.067	0	0	0	0	0
0	0	0.7365	0.3309	0	0	0	0
0	0	0	1.067	0	0	0	0
0	0	0.2882	0.7792	0	0	0	0
0	0	0	1.067	0	0	0	0
0	0	1.067	0	0	0	0	0
0	0	0.8859	0.1815	0	0	0	0
0	0	0	1.067	0	0	0	0
0	0	1.067	0	0	0	0	0
0	0	0.3095	0.7578	0	0	0	0
0	0	0.2242	0.8432	0	0	0	0
0	0	0	1.067	0	0	0	0
0	0	0.7258	0.3416	0	0	0	0
0	0	0.6084	0.459	0	0	0	0
0	0	0	1.067	0	0	0	0
0	0	0	1.067	0	0	0	0
0	0	0.95	0.1174	0	0	0	0
0	0	0	1.067	0	0	0	0
0	0	0	1.067	0	0	0	0
0	0	1.067	0	0	0	0	0
0	0	1.067	0	0	0	0	0
0	0	0.1708	0.8966	0	0	0	0
0	0	0.6298	0.4376	0	0	0	0
0	0	0.1388	0.9286	0	0	0	0
0	0	1.067	0	0	0	0	0
0	0	0.08539	0.982	0	0	0	0
0	0	0.2455	0.8219	0	0	0	0
0	0	0	1.067	0	0	0	0
0	0	0.7152	0.3522	0	0	0	0
0	0	0.6725	0.3949	0	0	0	0
0	0	0.2455	0.8219	0	0	0	0
0	0	0	1.067	0	0	0	0
0	0	0.2882	0.7792	0	0	0	0
0	0	1.067	0	0	0	0	0
0	0	0.6298	0.4376	0	0	0	0
0	0	0.7365	0.3309	0	0	0	0
0	0	0	1.067	0	0	0	0
0	0	0.6404	0.427	0	0	0	0
0	0	0	1.067	0	0	0	0
0	0	1.067	0	0	0	0	0
0	0	0	1.067	0	0	0	0
0	0	0	1.067	0	0	0	0
0	0	0	1.067	0	0	0	0
0	0	0.3949	0.6725	0	0	0	0
0	0	0.7792	0.2882	0	0	0	0
0	0	1.067	0	0	0	0	0
0	0	0.491	0.5764	0	0	0	0
0	0	1.067	0	0	0	0	0
0	0	0	0	0	0.3488	0.7151	0
0	0.2954	0.7365	0	0	0	0	0
0	0	0	1.025	0	0	0	0
0	0	0	1.003	0	0	0	0
0	0	0	0	0.9717	0	0	0
0.2763	0.6765	0	0	0	0	0	0
0	0.9528	0	0	0	0	0	0
0	0.9528	0	0	0	0	0	0
0.5908	0.3621	0	0	0	0	0	0
0.9528	0	0	0	0	0	0	0
0	0	0	0.9393	0	0	0	0
0	0.9338	0	0	0	0	0	0
0	0	0	0.8753	0	0	0	0
0	0	0	0.8753	0	0	0	0
0	0.8385	0	0	0	0	0	0
0	0	0.8219	0	0	0	0	0
0	0	0	0.8112	0	0	0	0
0	0	0.8112	0	0	0	0	0
0.8004	0	0	0	0	0	0	0
0	0.7623	0	0	0	0	0	0
0	0	0.7472	0	0	0	0	0
0	0	0.7472	0	0	0	0	0
0.5908	0	0	0	0.1495	0	0	0
0	0	0.7152	0	0	0	0	0
0	0	0	0	0	0	0	0.7151
0	0	0	0	0	0	0	0.7151
0	0	0	0	0	0	0	0.7151
0	0	0	0	0.5482	0.1495	0	0
0	0	0	0	0.6229	0	0	0
0	0	0	0	0	0.6229	0	0
0	0	0	0.6191	0	0	0	0
0	0	0.6191	0	0	0	0	0
0	0.6098	0	0	0	0	0	0
0	0	0	0.5977	0	0	0	0
0	0.5908	0	0	0	0	0	0
0	0	0	0	0	0.5606	0	0
0	0	0	0.555	0	0	0	0
0	0	0	0.5337	0	0	0	0
0	0	0.3095	0.2242	0	0	0	0
0	0	0.3736	0.1601	0	0	0	0
0	0	0.2135	0.3202	0	0	0	0
0	0	0	0.5337	0	0	0	0
0	0	0.5017	0.03202	0	0	0	0
0	0	0.5337	0	0	0	0	0
0	0.5145	0	0	0	0	0	0
0	0.5145	0	0	0	0	0	0
0	0	0	0.5017	0	0	0	0
0.343	0.1334	0	0	0	0	0	0
0	0.4478	0	0	0	0	0	0
0	0	0	0.4376	0	0	0	0
0	0.4097	0	0	0	0	0	0
0.4002	0	0	0	0	0	0	0
0	0	0	0	0	0.3364	0	0
0	0.3144	0	0	0	0	0	0
0	0	0.3095	0	0	0	0	0
0	0	0	0	0	0	0.3004	0
0	0	0	0.2989	0	0	0	0
0	0.2668	0	0	0	0	0	0
0	0	0.2455	0	0	0	0	0
0	0	0.2348	0	0	0	0	0
0	0.1906	0	0	0	0	0	0
0	0	0	0	0	0.1869	0	0
0	0	0	0	0	0	0.1716	0
0	0.1525	0	0	0	0	0	0
0	0	0	0	0	0.09966	0	0
0	0	0.0427	0	0	0	0	0
0	0	0	0	0	0.02492	0	0
0	0	0	0	0	0	0.0143	0
0	0	0	0	0	0.01246	0	0
179.8	132.2	26.67	25.14	152.2	114.1	7.752	7.795
40.43	53.14	101.2	111.9	45.92	42.43	110.6	126.2
51.56	89.77	19.48	21.09	52.39	84.34	21.01	30.48
2.211	9.91	75.22	52.53	2.492	4.161	65.32	52.93
46.45	58.36	0	0	45.47	89.7	0	0
88.76	54.97	4.12	4.825	48.54	25.76	1.774	3.232
10.48	66.89	10.89	0	12.52	84.9	15.16	0
0	0	44.23	47.84	0	0	35.03	41.03
39.73	47.17	0	0	36.25	35.75	0	0
4.45	15.43	32.82	34.74	2.791	6.005	26.72	31.72
37.19	30.2	18.97	12.5	9.692	10.24	21.31	14.42
2.677	3.992	32.34	30.16	5.245	6.516	33.32	18.45
13.06	66.58	5.529	0.6191	4.186	34.66	5.049	1.959
8.194	25.92	40.24	0	8.658	14.14	23.31	0.143
0.7146	3.306	37.4	0.5764	0	6.802	68.01	0.7866
37.75	36.38	0	0	24.79	18.46	0	0
53.2	43.46	4.312	0.5764	7.375	6.329	1.487	0
35.16	40.32	1.324	0	18.92	19.37	0.7151	0
56.93	7.956	0	0	33.95	13.27	1.144	0
39.6	35.14	0.5977	0	21.07	12.42	0	0
23.8	42.9	1.857	1.345	18.49	15.9	2.503	1.788
7.346	45.91	13.85	0	12.06	19.01	9.182	0
13.28	26.39	1.879	1.067	16.15	37.75	9.325	0
19.3	23.51	1.398	0.2882	24.53	26.45	7.952	0
17.32	13.07	23.65	18.51	20.77	5.17	0	2.861
17.44	22.33	4.195	4.408	17.6	24.43	1.959	5.993
0.9338	1.448	25.06	36.38	3.04	0	14.6	15.38
2.03	1.782	18.68	23.53	3.725	4.373	16.99	21.31
1.429	9.795	17.84	21.38	0.3115	3.949	18.45	19.11
8.995	5.66	30.93	17.19	5.257	0	11.13	12.04
7.585	6.022	12.7	17.08	6.092	2.853	17.94	19.14
7.47	17.67	12.83	6.511	10.96	12.71	11.97	8.61
10.43	27.73	16.28	21.4	4.236	3.239	1.001	1.859
25.03	37.93	2.743	1.964	9.705	7.849	0	0
4.688	16.47	14.25	11.84	6.541	10.98	11.7	8.696
26.56	28.83	0	0	13.32	14.35	0	0
27.44	11.3	0	2.071	25.6	10.13	1.43	4.834
15.7	18.56	0.09607	0	15.55	31.23	0.2574	0.5864
9.652	24.84	1.003	0	13.54	31.2	0.6722	0
5.117	0.7527	29.13	7.055	3.326	4.198	20.71	10.58
21.96	25.2	2.775	2.135	11.21	15.57	1.573	0
2.144	2.106	18.01	18.6	0	1.296	19.68	18.48
11.59	16.71	7.045	6.597	6.104	8.845	11.2	6.365
2.668	18.35	20.84	21.03	0	1.246	3.933	4.677
0.4192	3.811	16.27	25.32	0.6229	3.189	7.952	14.47
21.78	14.03	0	0	22.16	12.2	0	0
18.06	16.29	0	0	17.58	18.08	0	0
16.22	25.32	5.07	2.37	5.282	12.38	1.516	1.387
24.06	16.25	1.975	0.8539	13.39	8.16	1.43	0
28.5	14.44	1.067	0	14.95	5.482	0.9726	0
10.73	7.47	1.035	0.03202	19.45	22.69	2.775	0.8009
10.5	25.1	0	0	8.883	18.82	0.5292	0.9011
1	7.365	7.482	11.99	0.03737	6.541	12.86	17.15
13.4	9.871	11.3	18.52	5.594	5.519	0	0
3.125	15.74	15.25	8.529	0.6603	3.077	12.03	5.02
18.25	13.73	1.537	1.366	17.91	6.528	0	1.745
25.62	2.496	6.18	2.551	8.721	1.246	8.481	5.106
12.05	10.03	6.02	5.529	11.36	5.656	6.536	2.76
0	0	13.87	9.724	0	0	17.72	18.58
0	1.906	17.44	14.77	0	0	15	10.37
21.2	7.747	3.96	0	14.31	7.724	2.961	0
1.62	2.192	21.61	14.04	0	0	6.651	10.37
8.337	13.96	13.5	1.121	2.492	1.495	10.08	3.933
3.764	16.46	9.927	1.43	2.093	8.322	12.33	0
14.91	8.004	5.657	3.095	13.02	6.104	1.788	0.8582
10.72	1.706	11.74	4.355	4.983	2.317	14.72	2.56
0.7146	0.4192	17.35	14.04	0	0	4.72	14.49
8.861	5.431	6.468	4.803	15.34	0.7849	6.164	3.762
9.185	6.651	8.4	10.96	3.189	0.7724	4.019	8.424
14.14	17.51	1.067	0	5.606	10.41	2.861	0
6.946	16.92	0	0	8.397	17.77	1.23	0.2002
12.86	0.4764	8.272	1.334	7.163	0.3115	14.3	5.721
14.15	17.48	5.07	1.334	1.059	0.1869	6.579	4.291
5.05	21.53	0	0	6.229	14.95	1.716	0.4291
6.708	5.203	13.65	4.974	8.708	2.803	5.907	1.659
9.586	7.07	0	0	28.22	4.497	0	0
27.78	8.718	1.868	2.935	2.056	2.18	1.645	1.216
0	0	13.17	14.56	0	0	10.71	8.825
16.48	12.58	2.348	0	8.97	2.865	3.947	0
16.71	8.842	2.839	3.373	8.496	5.407	1.43	0
24.05	12.02	0.2562	0	9.817	0	0	0
9.519	5.669	9.361	8.785	1.246	1.246	6.708	2.675
5.46	22.33	0.459	1.676	3.874	10.68	0.4577	0
0.2763	8.375	8.838	3.651	2.429	10.28	7.08	2.617
3.526	16.62	3.981	0.8005	1.009	14.66	2.503	0.329
7.318	22.76	0.8112	0.3949	4.024	7.948	0	0
17.84	13.61	1.067	0	5.494	4.672	0	0
0	0	7.813	11.71	1.246	0	8.582	12.87
1.715	4.431	14.57	8.005	0	0	4.362	9.082
11.81	8.071	0.9286	0.1388	12.74	8.434	0	0
0	0	7.536	14.32	0	0	12.92	7.065
2.287	15.93	0.8326	3.437	1.321	14.4	2.231	1.387
0.009528	0.4669	15.37	7.813	0	0	12.04	5.721
11.75	10.91	0	0	10.86	7.649	0	0
9.157	15.52	0	0	7.3	8.895	0	0
19.54	4.583	1.067	0.5124	6.291	8.683	0	0
5.46	13.56	7.995	0.03202	3.414	2.816	3.919	2.889
1.439	3.592	11.99	6.735	0.6354	0.6104	6.064	9.011
12.96	18.68	0	0	4.859	2.741	0.7151	0
3.554	0.2573	6.586	6.714	0	0	9.068	13.67
0	2.859	12.28	14.09	0	0	2.145	8.439
14.43	4.726	0	0	13.27	6.964	0.3433	0
9.138	8.318	0	0	10.84	11.39	0	0
4.288	8.976	2.135	1.067	11.93	5.008	1.43	3.547
5.183	11.22	3.661	3.811	4.996	3.725	3.275	2.446
8.89	15.08	1.067	0	5.818	7.437	0	0
2.001	1.81	5.017	2.615	1.433	0	13.3	12.09
15.51	6.06	0	0	10.12	6.304	0	0
2.763	3.907	11.15	3.789	1.495	5.98	4.577	4.148
2.201	3.992	6.148	3.672	4.286	5.531	7.337	4.563
8.68	15.53	0	0	3.451	9.967	0	0
0	3.811	12.32	6.703	0	0	8.124	6.493
3.573	8.147	4.216	3.256	6.229	8.721	1.859	1.43
0.9528	0	15.32	4.024	0	0	8.267	8.667
1.191	1.191	3.352	6.404	2.965	7.001	6.608	8.41
20.34	5.288	0.8005	0.3736	6.914	3.301	0	0
0.9243	9.119	1.836	2.37	0	15.27	2.503	4.877
9.49	10.04	2.69	3.672	4.335	2.18	1.487	2.803
6.384	8.995	5.07	1.11	4.846	10.28	0	0
2.859	10.96	4.27	0	0.3115	10.28	7.866	0
0	0	8.966	17.52	0	0	2.26	7.738
1.382	1.477	12.28	8.539	0	0	3.933	8.653
0.9528	19.25	0	1.067	0	14.76	0	0
7.261	16.96	0	0	7.014	4.771	0	0
0.9433	0.9433	10.95	6.917	0	0	9.969	6.079
0.9528	13.49	7.29	4.729	0	4.933	2.66	1.43
3.754	0	11.47	4.771	4.634	0.3987	6.379	3.89
23.38	4.25	0	0.3629	4.983	2.267	0	0
7.623	0.5717	14.84	0	3.301	0.1869	8.367	0.2145
2.763	3.049	5.711	3.683	5.668	7.039	5.793	1.359
5.279	3.735	1.868	7.29	1.769	1.919	3.104	9.711
0	0	13.88	4.568	0	0	14.25	1.63
12.06	11.55	0	0	3.289	7.388	0	0
5.25	8.09	3.266	0.4697	4.522	9.73	1.43	1.43
16.02	4.24	8.037	5.839	0	0	0	0
13.09	9.776	0.1815	0.8859	7.475	1.046	0.2431	1.43
11.85	8.366	0	0	6.702	6.927	0	0
5.574	4.526	5.711	7.739	0.06229	0	2.717	7.151
2.601	5.631	0.3629	0.1708	0.5108	16.21	6.665	1.23
10.96	7.165	4.803	0.02135	2.18	2.504	4.949	0.7723
22.32	1.734	0.1708	0	8.098	0	0.9154	0
7.956	14.53	1.921	1.281	2.99	4.485	0	0
0	0.667	19.48	3.362	0	0	6.722	2.861
7.099	11.82	0	0	3.364	10.71	0	0
1.077	2.735	7.92	8.368	0	0	7.752	4.834
5.155	4.536	4.985	2.498	2.492	1.034	6.565	5.363
8.585	8.471	0.3416	0	3.825	9.755	1.63	0
4.507	3.116	8.785	4.942	0	0	7.995	3.247
10.61	3.792	4.462	3.202	3.887	0	5.006	1.516
11.41	14.09	0	0	4.672	2.23	0	0
4.126	6.375	2.156	1.025	9.58	8.335	0	0.7437
2.201	15.54	1.067	0.8326	4.747	5.843	2.06	0
0	0.9528	12.38	7.472	0	0	7.366	3.933
3.364	13.21	5.732	2.786	0.4734	2.018	3.561	0.8868
8.318	14.55	0.5124	0	2.168	5.307	1.058	0
6.432	10.53	0	0	9.966	4.734	0	0
2.744	1.658	6.917	6.789	0	0	7.323	5.692
12.33	4.516	1.409	0	8.372	0.3488	3.218	0.8152
6.26	10.72	0.8005	0.3309	2.429	6.067	4.291	0
12.66	11.16	2.402	0.523	1.881	1.856	0.3433	0
0.1239	0.829	5.326	5.07	0	0	14.85	4.605
0	0	12.8	6.138	0	0	7.309	4.477
4.345	1.849	6.927	8.625	0.8596	1.009	0.9726	5.907
21.38	2.763	0.4163	0	2.629	1.595	1.43	0
10.06	12.2	0	0	3.737	4.012	0	0
0.7813	0	10.9	7.354	0	0	6.994	3.876
1.667	1.934	4.963	7.312	1.246	0.3488	4.505	7.337
1.086	0.8194	5.924	3.202	0.3488	2.143	12.54	3.018
0.6479	0.6289	10.77	5.091	1.134	0.1121	5.85	4.677
6.498	9.014	3.181	0	3.737	5.282	1.058	0
6.127	10.41	0	0	5.943	6.092	0	0
1.01	5.079	0.918	2.284	1.321	7.263	8.853	1.788
1.305	11.38	1.804	0.8219	4.933	5.656	1.43	1.101
10.48	11.91	1.067	0	2.18	1.557	0.7151	0
8.938	8.013	0.2989	3.469	2.728	2.803	1.387	0
3.144	6.127	0.7045	0.3629	8.472	6.254	0.9726	1.302
4.726	13.02	0.8966	0	3.825	2.828	0.9726	0.944
0.181	1.667	10.74	4.206	0	0	3.046	7.051
3.335	10.77	2.049	1.067	1.246	6.603	0.8725	0.5578
6.718	6.603	0	0	5.382	1.246	1.516	5.006
10.36	2.315	0	0	11.29	2.492	0	0
6.432	4.488	0	0	6.541	8.858	0	0
4.955	9.29	2.188	0	2.242	2.056	5.578	0
6.432	6.432	1.601	0	6.852	4.983	0	0
11.94	14.21	0	0	0	0	0	0
2.62	2.859	10.14	5.871	0	0	4.648	0
3.773	4.783	5.615	1.601	1.246	1.246	2.117	5.75
0.991	2.344	4.558	2.871	0.3115	2.155	2.446	10.34
6.632	8.823	0.2775	0	4.734	4.012	1.416	0.0143
3.001	7.499	3.832	1.996	0.162	4.223	5.178	0
8.785	7.28	2.306	0	1.981	3.874	1.073	0.5864
7.146	10.39	0	0	3.239	3.364	1.716	0
0.2192	1.667	3.821	6.917	0	0	7.237	5.692
4.25	4.821	4.782	0.555	0	5.706	3.518	1.43
2.144	0.3621	7.6	6.554	0	0	1.43	6.965
11.93	3.83	0	0.02135	6.466	2.803	0	0
13.56	6.241	0	0	3.127	1.408	0.5435	0
4.726	10	1.345	0	2.641	3.737	2.346	0
1.41	2.153	1.089	6.661	0.6104	1.557	5.764	5.392
0	0	12.32	1.665	0	0	4.076	6.479
6.727	8.099	0	0.1494	4.572	4.846	0	0
4.869	4.412	1.868	0.1281	8.235	2.193	2.503	0.1716
3.192	6.146	3.949	0.5337	1.246	2.865	1.859	4.577
0.9528	0	12.88	0.5017	1.246	0	5.907	2.818
1.029	0.8766	8.102	4.665	0	0	4.763	4.763
13.84	5.441	0.01067	1.057	2.467	0.6478	0.0143	0.7008
8.623	4.145	0	0	5.419	5.918	0	0
0.9528	0	5.924	8.486	0	0	3.004	5.721
1.658	0.9528	3.981	5.476	0	0	6.751	5.206
10.54	0.5908	1.473	2.199	3.737	1.171	3.132	1.159
8.166	4.202	0	0	8.92	2.591	0	0
7.385	5.955	0.5337	0	4.36	5.606	0	0
13.34	3.545	0	0	5.083	1.769	0	0
3.24	17.01	1.334	0.7472	0	1.246	0	0.07151
0.8004	4.221	0.4376	0	2.205	14.5	1.201	0.2288
12.47	0.4002	0	0	10.08	0.5232	0	0
6.908	4.05	0	0	12.02	0.436	0	0
5.098	4.354	0	0	9.979	3.924	0	0
8.471	8.9	0	0	4.497	0	1.43	0
3.192	2.716	0	0	7.413	9.904	0	0
2.144	3.973	0	0	5.88	11.19	0	0
0	1.658	6.223	5.604	0	0	1.43	8.21
11.83	3.716	0	2.306	3.513	0.2242	1.43	0
3.564	6.86	0	0	7.487	2.828	1.416	0.7294
0	0.9528	6.308	5.967	1.246	0	4.191	4.162
3.135	2.982	2.935	1.868	5.345	1.146	0.8295	4.291
0	0.5812	5.369	3.469	0	0	7.666	5.363
9.89	3.383	0	0	4.186	4.983	0	0
1.782	3.211	4.28	1.195	1.246	0	4.105	6.622
2.859	0	3.48	6.404	0	0	6.479	3.189
4.631	10.2	0	0	2.703	4.771	0	0
6.994	4.564	1.067	0.459	4.086	2.94	1.688	0.4577
6.146	6.737	0	0	4.273	5.07	0	0
0	0	14.87	0.2562	0	0	7.051	0
2.649	4.021	4.152	4.771	1.42	1.694	3.118	0
7.547	1.029	1.953	2.893	3.737	0	3.804	0.8295
5.946	6.289	1.836	0	1.943	4.286	1.43	0
3.697	1.201	4.953	1.345	3.115	0.3239	5.206	1.802
0	0	8.272	6.159	0	0	3.375	3.776
7.242	5.765	1.388	0.7472	3.364	3.052	0	0
3.087	2.382	1.398	5.07	0	0	4.305	5.278
5.822	6.565	0	0	3.426	4.223	0	1.43
5.098	4.526	0	0	5.83	6.005	0	0
0	0.9528	6.554	3.971	0	1.246	5.363	3.218
0.6479	17.91	0.2028	0	0.1495	2.342	0	0
7.842	3.926	0	0	6.977	2.23	0	0
6.222	5.555	0	0	5.955	3.214	0	0
7.661	4.536	0	0	6.541	2.13	0	0
4.907	4.621	0.8005	0.9286	5.295	3.252	1.058	0
2.82	8.137	0	0	5.556	4.311	0	0
10.81	3.64	0	0	5.345	0.9842	0	0
1.61	4.069	3.864	7.002	1.246	0	2.975	0
3.764	3.383	0	0	7.163	6.291	0	0
1.572	0.324	3.992	0.2668	2.479	0	8.224	3.676
8.766	0.7623	1.067	0	5.295	4.547	0	0
3.03	13.23	0.6298	0.4376	1.445	1.669	0	0
1.563	2.725	5.006	3.917	0.7599	0.4859	3.375	2.546
0.8957	2.077	4.867	6.063	0	0.6977	3.132	2.589
2.296	2.468	2.423	0	1.221	8.92	1.302	1.688
7.032	7.137	3.213	1.452	1.084	0	0	0.3719
6.394	3.268	0.3629	0.5337	3.85	4.871	0	0.7151
8.976	5.946	0.6618	0	2.541	1.819	0	0
5.727	2.849	0	0	7.587	3.725	0	0
1.553	1.305	3.832	5.775	0	0	5.421	1.959
1.906	0.7242	7.952	3.469	0	0	2.889	2.861
5.05	4.478	0	0	7.101	3.115	0	0
4.44	7.223	2.935	1.035	2.492	0	0.758	0.6722
0	0	4.963	3.021	0	0	8.61	2.889
3.421	1.648	2.839	0	5.382	0	6.179	0
0	0	7.034	1.163	0	0	6.88	4.334
1.82	3.344	4.558	5.156	0	0	1.902	2.503
3.373	10.18	1.772	0	1.358	1.134	1.43	0
3.392	9.605	0	0	1.644	4.585	0	0
3.278	3.316	1.58	0.555	4.311	3.115	1.402	1.459
1.391	0.4955	2.893	0.2455	8.235	1.532	3.876	0.329
7.051	3.335	0	0	5.357	3.239	0	0
4.269	4.307	0.5123	0	5.581	4.311	0	0
0.2954	1.305	5.935	2.54	1.246	0	5.363	2.245
5.765	3.049	3.095	0.427	3.924	0.9967	0.9297	0.7151
5.317	2.935	1.43	1.686	1.769	4.261	0.9583	0.472
0	0.9528	10.32	3.917	0	0	3.461	0.1144
1.725	2.087	3.159	3.757	2.541	1.196	1.101	3.189
8.442	5.698	0.9713	0.09607	1.246	0.8222	0.5864	0.8438
1.172	1.21	3.981	3.533	0	0	2.975	5.75
0	0	2.391	8.283	0	0	4.291	3.604
0.9528	1.906	3.341	6.138	1.009	0.2367	3.576	1.344
4.621	4.526	4.803	1.281	0	0.1869	1.287	1.788
4.84	3.945	0.4163	0	7.861	1.42	0	0
2.43	1.477	1.281	5.657	2.554	0.5606	2.717	1.573
5.526	3.478	0	0	5.544	3.675	0	0
0.08576	2.211	4.515	5.433	0	0	4.062	1.917
0.4955	6.422	0.7899	0	1.732	8.409	0.3433	0
0	2.544	2.935	2.935	0	5.681	2.818	1.23
9.376	2.496	0	0	4.261	1.968	0	0
3.983	8.109	1.014	0.8646	1.557	2.566	0	0
3.097	0.2192	6.49	7.45	0	0	0	0.7723
0	0	4.526	3.48	0	0	4.062	5.95
4.288	3.735	0	0	1.557	8.359	0	0
6.86	3.449	0	0	1.557	3.351	2.689	0
0	0	5.604	3.426	0	0	2.317	6.493
0	0	2.402	4.28	3.899	1.084	1.802	4.291
6.756	7.537	0	0	1.557	1.906	0	0
6.432	1.667	0	0	4.971	4.522	0	0
0	2.706	2.402	1.868	0	1.246	6.551	2.746
1.906	0	11.68	1.078	0	0	2.818	0
4.288	7.146	0	0	3.737	2.292	0	0
5.688	1.248	2.498	0	7.475	0.07475	0.4005	0
0.2859	1.62	5.017	2.668	1.433	1.059	3.576	1.716
1.906	0.7813	2.551	8.678	0.8472	0	0.9726	1.63
0	0	1.868	4.536	1.308	1.184	3.218	5.22
0	0	5.807	1.719	0.3115	3.426	4.248	1.788
0	2.687	3.416	1.238	2.267	4.136	1.302	2.245
3.754	2.859	1.334	0.2348	4.672	2.803	1.387	0
5.231	3.116	0	0	1.881	6.815	0	0
6.184	1.915	0	0	6.74	2.168	0	0
1.077	1.191	6.276	1.601	0	0	2.889	3.919
6.012	4.259	0	0	2.454	4.049	0	0
8.814	0.4859	0	0	7.4	0	0	0
4.907	2.049	1.067	1.067	6.665	0.9344	0	0
6.117	4.421	0.3416	0	2.753	3.027	0	0
2.306	2.916	3.202	0	0.9344	5.868	1.43	0
6.251	4.812	0.2348	0	5.257	0	0	0
0.9528	2.859	4.803	3.48	1.246	0	2.846	0.3576
6.193	4.612	0	0	1.246	4.385	0	0
0.8194	3.945	2.113	4.654	0	0	0.3576	4.419
5.565	4.783	0	0	2.218	3.713	0	0
1.02	2.735	0	0	2.267	9.418	0.8009	0
2.334	6.241	0	0	3.526	3.376	0.6579	0
2.058	1.353	2.402	0.8859	2.081	1.557	3.347	2.374
3.926	4.459	0	0	3.351	4.273	0	0
5.336	3.182	0	0	6.316	1.059	0	0
3.44	0.2001	7.931	1.441	0	0	2.861	0
1	1.382	2.989	2.882	3.364	0.5606	2.074	1.573
2.859	0	3.693	0.5764	0	0	3.275	5.306
2.115	5.965	2.135	1.302	0	2.392	1.745	0
0.9814	3.783	1.558	0	0.03737	3.7	5.578	0
12.01	2.192	0	0	0	0	0.2145	1.216
2.115	2.592	0	0	1.744	9.119	0	0
2.458	0.4002	2.839	6.767	0	0	0.1144	2.975
4.154	6.632	0	0	2.716	2.043	0	0
5.317	1.563	0	0	5.083	3.563	0	0
7.223	5.469	2.487	0.3095	0	0	0	0
1.582	6.193	0	0	2.915	3.314	1.302	0.1287
0	0	5.049	0.8005	0	0	6.951	2.503
1.715	0	6.404	0	0.2492	0	6.865	0
0	1.429	2.199	4.504	0	0	2.903	4.162
5.012	0.4955	0	0	8.397	1.271	0	0
2.439	6.27	0	0	2.703	3.7	0	0
3.687	1.553	0	0	7.774	2.018	0	0
0.8099	3.478	0	0	9.094	1.495	0	0
2.62	5.946	0	0	1.545	4.722	0	0
2.62	4.907	0	0	5.046	2.056	0	0
4.669	6.908	2.455	0.5871	0	0	0	0
7.242	1.849	0	0	4.871	0.5855	0	0
8.223	3.554	0	0	2.168	0.4734	0	0
3.24	4.021	0	0	2.33	4.672	0	0
0.2382	2.849	2.423	1.569	1.258	4.373	0.0143	1.416
0.3907	1.515	2.935	2.039	1.246	0	5.235	0.7151
5.193	2.096	0	0	4.049	1.557	1.144	0
3.897	1.839	0	0	4.472	3.825	0	0
5.755	0.8194	0	0	3.115	2.317	1.945	0
7.146	1.505	0	0.08539	2.492	1.246	1.43	0
1.077	0	2.017	3.853	1.246	0	1.244	4.291
1.191	0.04764	0.6404	0	9.157	2.678	0	0
5.241	2.039	0	0	1.732	4.672	0	0
2.554	1.887	0	0.8966	3.139	2.043	0.3576	2.732
7.737	3.011	0.2348	0	2.492	0	0	0
2.525	2.239	1.334	0.1815	0	0	6.193	0.9583
1.191	7.89	0	0	0.9344	3.389	0	0
0.4193	11.17	1.751	0	0	0	0	0
2.382	5.717	0	1.067	0	1.246	1.073	1.788
1.267	3.021	0.5337	0	3.326	5.12	0	0
4.393	3.402	0.9927	0.07472	2.492	1.869	0	0
0	0.6003	2.797	4.163	0.461	0.162	4.648	0.3576
2.22	7.785	0	0	2.23	0.9344	0	0
5.765	2.01	0	0	5.357	0	0	0
3.049	0	1.003	0	6.864	0.8596	1.344	0
1.258	4.135	0.3629	1.067	2.778	3.451	0	0
2.658	4.354	0	0	1.694	2.89	0	1.43
3.916	4.05	0.2989	0	3.737	0.9717	0	0
5.965	5.831	0	0	0	1.171	0	0
2.477	3.716	0	0.5337	3.75	2.479	0	0
7.623	5.002	0.2668	0	0	0	0	0
1.725	1.61	3.469	0.03202	1.321	1.52	1.387	1.788
2.325	0	0	0	7.089	3.426	0	0
2.401	0.4764	0	0	5.93	4.012	0	0
3.364	1.667	1.067	0	3.812	2.84	0	0
2.525	10.2	0	0	0	0	0	0
3.097	1.277	0.9713	0	2.492	4.871	0	0
0	0	3.928	2.22	1.146	0	2.975	2.374
0	0	5.252	0.1494	0	0	7.237	0
0	0	5.785	1.622	0	0	1.101	4.048
0	0	5.412	1.751	0	0	3.676	1.63
3.478	0.6193	0	0	4.236	4.111	0	0
4.431	4.478	0	1.067	0.4983	0.7475	1.216	0
0.9147	0	0	4.312	0	0	1.373	5.835
5.002	4.812	0.2135	0	2.367	0	0	0
1.868	4.326	0	0	1.557	4.585	0	0
1.534	0.3716	2.284	2.135	1.071	1.595	3.261	0
0	0	0	0	5.482	6.727	0	0
7.385	1.667	0	0	2.056	1.059	0	0
0.9528	0	1.825	1.868	0	0	3.533	3.933
1.81	5.05	2.028	0.1067	0	1.246	0.4291	1.43
0	0	5.156	2.733	0	0	0	4.205
0.9528	0	4.27	5.038	0	0	0.04291	1.788
3.192	1.572	1.014	0.05337	4.672	1.557	0	0
4.269	2.535	1.505	1.067	1.046	0.1993	0.5864	0.8438
5.203	3.097	0	0	2.18	1.557	0	0
0	0.9528	3.736	3.736	0	0	2.331	1.244
2.982	0.6575	1.067	1.067	0.5482	0	5.635	0
0.4764	2.096	2.935	3.469	0	0.2492	2.574	0.143
1.515	5.403	1.868	0.3522	1.345	0	0.9583	0.472
4.526	0.3907	0	0	4.56	0	2.374	0
5.688	2.01	2.786	0.1174	1.246	0	0	0
2.096	4.002	0	0	1.246	4.423	0	0
1.667	6.155	0	1.067	0	2.816	0	0
2.144	2.887	0.2348	0	1.943	4.435	0	0
2.716	2.049	0	0	5.295	1.557	0	0
2.792	4.764	0	1.067	1.694	1.246	0	0
3.011	2.62	3.202	0	0.1993	1.046	1.43	0
4.059	3.068	0	0	2.816	1.545	0	0
3.992	3.811	0.2882	0	1.246	0.2865	1.101	0.7151
3.802	1.439	0	0.2562	3.426	0.01246	1.43	1.058
2.859	1.906	2.893	0.08539	2.18	0.04983	1.43	0
0	0	2.668	3.501	0	0	1.745	3.433
0	0	2.668	1.601	0	0.6229	3.933	2.503
5.45	3.23	0	0	2.18	0.4485	0	0
3.964	1.667	1.067	0	1.794	2.604	0	0
4.116	3.421	0	1.067	1.644	0.8472	0	0
5.298	0.8957	0.06404	0	0	0.6229	0	4.205
1.191	2.163	0	0	3.214	3.065	1.43	0
6.003	0.7813	1.067	0	2.766	0.3987	0	0
0	0	4.27	0.9393	0	0	1.43	4.377
6.908	2.611	0.982	0.08539	0.4111	0	0	0
2.601	2.172	0	0	0.9468	5.27	0	0
4.717	3.859	0	0	1.445	0	0.944	0
0.9528	0	4.003	0.2668	0	0	2.145	3.576
7.127	1.677	1.067	1.067	0	0	0	0
6.708	1.868	0.5444	0.523	1.246	0	0	0
1.772	1.086	1.409	2.519	0	0	0	4.091
0.7146	1.363	0	0	2.977	4.099	1.073	0.615
2.668	1.143	0	1.761	1.62	2.118	0	1.43
1.505	0.4764	0	0	7.313	1.408	0	0
2.973	2.744	0	0	2.255	2.728	0	0
0	0	3.085	1.302	0	0	2.861	3.418
1.448	6.708	0	0	1.221	1.271	0	0
0.7718	3.04	1.921	0	1.321	3.588	0	0
0	0.9528	2.295	2.508	0	0	3.933	0.9297
0.0667	2.792	2.402	2.21	0	1.246	1.43	0.4577
6.67	2.859	0	1.067	0	0	0	0
2.811	2.906	0	0	1.62	3.239	0	0
3.754	5.298	0	0	0	1.52	0	0
0.2573	4.031	1.601	3.159	0	0	0	1.43
0.3526	8.814	0	0	0	1.246	0	0
1.42	2.392	0.3522	1.783	0.6229	2.492	1.316	0
0	0	4.75	2.765	0	0	2.017	0.8438
4.335	3.44	0	0	1.644	0.8472	0	0
2.077	4.421	0	0	1.782	1.956	0	0
5.345	2.859	0	0	1.084	0.9468	0	0
1.191	5.365	0	0	0	3.638	0	0
4.354	3.516	0	0	0	1.246	1.058	0
1.591	1.991	4.077	0	0.4236	2.068	0	0
2.658	2.106	2.359	0.07472	1.071	1.42	0.4577	0
0	0.9528	2.135	2.562	0	0	2.431	2.002
3.144	1.906	0	0	1.121	3.737	0.143	0
1.525	1.334	0.05337	1.334	0	0	1.859	3.862
1.61	5.555	0	1.003	0.2367	1.557	0	0
4.269	2.62	0	0	0.598	2.467	0	0
1.086	4.212	0.3843	0.6831	1.071	2.492	0	0
7.146	1.429	0.1067	0	0	1.246	0	0
2.62	1.667	0	0	4.46	1.146	0	0
2.744	2.973	0	0	1.707	2.33	0	0
3.097	4.088	0	0	1.532	0.9593	0	0
4.011	4.259	0	0	0.8472	0	0	0.4577
2.954	5.526	0.5871	0.4803	0	0	0	0
1.324	0.7146	0.95	0.1174	1.732	2.006	2.66	0
0.2287	0	1.11	5.294	0	0	2.16	0.7008
1.02	0	2.743	0	0.7101	0	3.833	1.173
0	0	7.066	0.7899	0	0	1.602	0
2.963	3.021	0	0	1.869	1.595	0	0
0.181	0.7718	2.402	3.939	0	0	0.8009	1.344
3.859	1.667	2.028	0	0	0	1.859	0
0	0	2.359	2.444	0	0	0.4577	4.091
2.144	2.144	0	0	3.152	1.906	0	0
3.821	2.668	0.6618	0	1.794	0.3115	0	0
0	0	2.604	3.437	0	0	1.387	1.788
3.754	3.478	0	0	1.358	0.5855	0	0
2.382	2.763	0	0	1.869	2.118	0	0
1.715	4.993	1.153	0	0.2616	0.9842	0	0
0.1334	3.335	0.7258	0.3416	0	2.267	2.203	0
0.9528	0	5.604	0.9927	0	0	1.43	0
0	4.269	0	0	0	2.018	2.689	0
1.067	3.811	0.7365	0	2.18	1.171	0	0
3.021	4.774	1.067	0	0	0	0	0
4.316	3.297	0	0	1.233	0	0	0
3.811	2.23	0	0.2989	1.246	1.246	0	0
3.821	1.344	1.067	0	1.669	0.8222	0	0
1.324	3.707	0	0	0	3.638	0	0
2.087	3.573	0	1.558	0	0	1.43	0
2.859	1.429	0	0	2.492	1.869	0	0
1.458	3.335	0	1.099	0.9717	0.2741	0	1.43
0.4764	0	1.067	0	5.432	1.545	0	0
0.9528	1.925	2.38	1.057	0	0	1.058	1.087
5.384	0.3335	0	1.494	0.8098	0.436	0	0
1.715	1.81	0	0	0	0.6229	0.7866	3.504
1	0.9052	0.1601	0	3.177	2.367	0.7866	0
2.258	1.02	0	0	2.404	2.579	0	0
5.345	2.106	0.3416	0	0	0	0.4577	0
1.982	1.029	0.4483	1.772	1.669	1.345	0	0
1.791	0.1143	0	0	1.171	2.267	0.4434	2.417
0.4097	1.191	2.668	1.217	0.5357	0.7101	0.615	0.8152
3.678	0.9528	0	0.1921	1.159	2.18	0	0
1.782	2.563	0	0	1.395	2.417	0	0
2.144	2.144	0	0	0.4859	1.383	0.5149	1.43
0	0	2.316	0.8859	0.6354	4.149	0.1144	0
4.307	3.792	0	0	0	0	0	0
5.412	0.7813	0	0	1.869	0	0	0
5.241	0.4764	1.067	0	1.121	0.1246	0	0
1.906	2.382	0	0	2.28	1.458	0	0
2.382	0.4193	0	0	2.728	2.479	0	0
4.021	3.945	0	0	0	0	0	0
0.8957	1.963	0	0.5017	1.171	1.283	0.3147	1.788
2.144	4.526	0	0	0	1.246	0	0
1.62	1.239	0	0	3.239	0.3737	1.43	0
1.191	1.191	0	0.5764	4.933	0	0	0
0.2287	0	2.647	0.2775	0	0	2.861	1.802
6.517	1.105	0.08539	0	0	0	0.05721	0
0.4574	0.4955	0	0	0	4.983	1.788	0.02861
0	0	6.319	0	0	0	1.43	0
5.555	0.7146	0	0	1.445	0	0	0
0.7623	0	1.494	0.6404	1.931	0.6852	2.145	0
0.3144	0.162	2.402	0.7152	0	0	2.632	1.43
5.288	0.04764	0.4803	0.5871	0	1.246	0	0
0.08576	1.667	4.91	0	0	0	0.944	0
0.7337	1.667	0	0.02135	2.205	1.532	0	1.43
1.172	0.7337	1.067	1.025	0	0	2.474	1.073
4.44	0.686	0	0	1.52	0.897	0	0
0.4288	2.144	1.334	0.05337	0	2.118	0	1.43
0.9528	0	0	0	5.008	1.545	0	0
1.315	0	2.871	1.868	0	0	0	1.43
1.182	0.7242	0.4056	0	3.737	1.395	0	0
0	0.4764	1.046	1.131	0	1.246	3.189	0.329
3.125	1.22	1.783	0	1.071	0.1744	0	0
0.4764	1.324	0.2348	0	0.7973	3.501	1.03	0
0.6098	1.296	0.6831	2.861	1.246	0.6229	0	0
1.906	0.9528	1.473	0.8646	1.557	0.5482	0	0
0.5241	5.193	1.58	0	0	0	0	0
1.601	0	0	0	1.968	2.292	1.43	0
1.906	0	0.9073	0.1601	0	0	2.646	1.645
3.335	1.429	0	0	1.246	1.246	0	0
2.496	1.791	0	0	1.719	1.246	0	0
3.021	2.868	0.08539	0	1.246	0	0	0
1.544	0.8385	0	0	1.57	3.264	0	0
1.191	0.8099	0	0	3.862	1.246	0	0
0.6956	0.2573	1.601	1.644	0	0	1.788	1.101
1.315	1.067	0.9393	0	2.977	0.7849	0	0
4.335	0.4288	1.067	0	1.246	0	0	0
2.182	2.106	2.402	0.3095	0	0	0	0
0.2001	1.667	0	0	1.769	3.164	0.05721	0
1.791	3.811	0	0	0	1.246	0	0
1.391	0	3.65	0	1.769	0	0	0
0.9528	4.421	0.3629	1.067	0	0	0	0
0.4193	1.963	3.736	0.6618	0	0	0	0
3.554	0.7146	0	0	0.9094	1.557	0	0
1.363	1.02	0	0	3.812	0.4734	0	0
2.258	2.544	1.067	0	0	0	0	0.7723
0	5.565	0.6831	0.3843	0	0	0	0
0	0	0	0	2.492	1.246	0.7008	2.16
2.477	1.191	0	0	0	0	2.861	0
2.582	2.182	0.1921	0	0	1.246	0.2574	0
1.629	1.21	1.025	0.0427	1.819	0	0.6865	0
0.9052	0.7146	2.402	1.121	1.184	0.06229	0	0
0.4764	0.2954	0	0	3.264	2.342	0	0
3.811	0	1.292	0	0.8472	0.3987	0	0
0.9528	0.9528	0	0	3.501	0.9344	0	0
0	0	0.1601	0	0.7475	0.4983	2.36	2.574
0.9528	0	2.327	0	1.669	0	1.201	0
2.258	3.878	0	0	0	0	0	0
2.639	3.468	0	0	0	0	0	0
0.5908	3.964	0	0	1.084	0.461	0	0
1.201	0	1.057	2.402	0	0	0.7008	0.7294
0	1.429	3.736	0.8966	0	0	0	0
0.7527	0.2001	1.025	1.281	0	0	2.803	0
0.667	0.7623	0	0	2.492	2.118	0	0
5.231	0.3716	0.4056	0	0	0	0	0
3.916	2.049	0	0	0	0	0	0
1.667	2.068	2.22	0	0	0	0	0
3.04	0.7718	1.537	0.5977	0	0	0	0
1.925	1.887	1.868	0.2562	0	0	0	0
0.181	1.191	1.131	0.4697	0	0	2.946	0
0	0	1.142	2.06	0	0	0.1001	2.503
1.906	0	1.057	1.59	1.246	0	0	0
0	0	0	0	1.557	2.093	0.7151	1.43
0.1334	0.343	1.067	0	1.383	2.629	0.2002	0
0	0	0	0	0	0	4.291	1.43
0.7527	0.2001	1.025	1.067	1.246	0	0.4148	1.015
1.105	4.612	0	0	0	0	0	0
0	5.717	0	0	0	0	0	0
2.82	0	0	0	1.47	1.42	0	0
3.811	1.868	0	0	0	0	0	0
3.354	0	0	0	2.292	0	0	0
0.343	1.563	0	0	1.732	2.006	0	0
0	0	0	0	1.296	4.335	0	0
0.4764	2.535	0.2989	0	0.6229	1.246	0.4005	0
2.325	0.7432	0	0	1.208	1.283	0	0
3.83	0	0	0	1.719	0	0	0
1.02	1.191	0	0	0.9344	2.404	0	0
0	0	2.925	0	0	0	2.589	0
0.8957	1.01	1.099	0	1.794	0.6977	0	0
1.925	0.4574	0	0	2.155	0.9344	0	0
0.343	3.573	0	0	0	1.52	0	0
0	0.9528	0.6191	0.982	0	0	2.803	0
3.221	1.067	0	1.067	0	0	0	0
3.583	0	0	0	0.5232	1.246	0	0
0	0	0.2989	1.868	1.595	0.897	0.6722	0
4.288	0.9528	0	0	0	0	0	0
0.7146	1.191	3.309	0	0	0	0	0
0	0	0.5764	1.025	0	0	1.43	2.145
2.973	0.8385	0	0	0	0	1.344	0
2.63	0.2287	0	0	1.034	1.246	0	0
0	0	1.067	0	0	0	0.9726	3.089
1.153	1.667	1.292	0.3095	0.6727	0	0	0
1.801	0.7146	0	0	0.6229	0	1.945	0
0	0	2.135	0.8005	0	0	2.145	0
1.448	2.382	0	0	0	1.246	0	0
2.411	0.4478	0	0	0.03737	2.18	0	0
1.734	0	0	1.067	2.267	0	0	0
1.41	2.401	0.6298	0	0.6229	0	0	0
1.286	3.764	0	0	0	0	0	0
1.906	0	0	0	1.246	1.869	0	0
1	0.4288	2.135	0	0	0	0	1.43
0.6289	2.068	0	0	0.09966	2.18	0	0
1.382	1.953	0.3202	0	0.5606	0.6852	0	0
2.658	1.02	0	0	0	0	1.173	0
0.2382	0.8576	1.281	0.8539	0.1869	0	0	1.43
0	0	0	0	1.246	0.8845	2.675	0
3.707	1.058	0	0	0	0	0	0
2.687	2.077	0	0	0	0	0	0
1.706	3.059	0	0	0	0	0	0
2.296	2.468	0	0	0	0	0	0
1.191	3.516	0	0	0	0	0	0
0.3811	1.525	0.427	0.6404	0	0	1.716	0
2.039	0.343	0	0	0	0	0.8725	1.43
2.172	2.487	0	0	0	0	0	0
0.686	1.22	0	0	0.7599	0.4859	1.43	0
1.725	0.181	0	0.5977	0	0	1.974	0.08582
2.344	0.5145	0.491	0	1.196	0	0	0
1.153	0	0	0	2.803	0.5731	0	0
1.096	2.239	0	0.3202	0	0	0	0.8582
0	0.8766	1.601	0	0	0	0.1144	1.917
0	4.497	0	0	0	0	0	0
1.849	1.963	0.6831	0	0	0	0	0
0.7527	0.2001	1.868	0.2242	0	0	0.4148	1.015
0.4764	0.9147	0.7578	0.3095	0	0.5731	0	1.43
0.7146	2.63	1.078	0	0	0	0	0
2.144	1.02	0	0	1.246	0	0	0
2.859	0	0	0	1.545	0	0	0
1.258	2.077	0.6298	0.4376	0	0	0	0
0.9528	0.9528	0	0	1.246	1.246	0	0
0.6003	0.3526	2.135	0	0.162	1.084	0	0
1.687	0.2192	0	0.5337	0.3364	1.532	0	0
0	0	1.067	0.5337	0.461	0.7849	0.5292	0.9011
1.896	0.3526	0	0	2.018	0	0	0
0	0.9528	1.238	0	0	1.246	0.8295	0
0.9338	1.925	1.398	0	0	0	0	0
0	0	0	2.818	0	0	1.43	0
0.6003	2.868	0	0	0.7724	0	0	0
0	0.7432	0	0	1.246	2.218	0	0
1.515	0.3907	0	0	1.246	1.046	0	0
1.191	1.382	0	0	0.6852	0.9344	0	0
0.667	1.191	0.7472	0.3202	0.8721	0.3737	0	0
0.991	0	0.0427	0	2.541	0.5731	0	0
0	0	0	0	0.137	1.109	2.861	0
1.429	1.429	0	0	1.246	0	0	0
2.039	0.8194	0	0	1.246	0	0	0
1.667	0.1048	0	0	2.18	0.137	0	0
0.9338	0	0	0	2.492	0.6478	0	0
0.0667	0.4097	1.793	0.3416	0	0	0.9726	0.4577
0.9528	0	1.334	0.05337	0	1.246	0.4291	0
1.429	1.162	0.1494	0	0.137	1.109	0	0
0	1.162	0	0	0.5855	1.906	0	0.3147
2.687	0.6384	0	0	0.4111	0.2118	0	0
0.03811	3.373	0.2242	0	0	0	0.3004	0
0	0	1.43	1.067	0	0	0	1.43
0.6575	2.201	1.067	0	0	0	0	0
0.0667	2.792	1.067	0	0	0	0	0
0.1239	1.305	0	0	1.246	1.246	0	0
0	0	2.135	1.067	0	0	0.7151	0
0	0	2.434	0	0	0	1.416	0.0143
2.63	1.182	0	0	0	0	0	0
1.734	2.077	0	0	0	0	0	0
0	0	0	0	3.737	0	0	0
1.858	1.858	0	0	0	0	0	0
0.324	0	0	0	2.093	1.246	0	0
0	0.9338	0	0	0	2.691	0	0
0.9147	1.448	0	0	0.9094	0.3364	0	0
2.058	0.2668	0	0	0.03737	1.208	0	0
0	0	0	0	0	0	2.489	1.058
2.582	0.9528	0	0	0	0	0	0
0.9528	0.9528	0	1.067	0	0.4983	0	0
2.382	0	1.067	0	0	0	0	0
0.6765	0.2763	0	0	0.5232	1.968	0	0
0.8194	0.1334	0	0	2.492	0	0	0
0.3716	0.5812	0	0	0.4859	2.006	0	0
0	0.9528	0	0	0.7475	1.744	0	0
0.08576	0.8671	0	0	1.246	1.246	0	0
0.2763	0.6765	0	0	0.9842	1.507	0	0
1.296	1.563	0.1921	0.3416	0	0	0	0
0.8766	2.42	0.08539	0	0	0	0	0
1.467	0	0	0	0.6727	1.196	0	0
0.5622	1.344	0	0	0	0	1.43	0
1.944	1.391	0	0	0	0	0	0
2.658	0.6765	0	0	0	0	0	0
0	0	0	1.11	0	0	1.373	0.8295
0.9528	0.8385	0.2562	0	1.246	0	0	0
0.8957	0.9528	0	0.1921	0	1.246	0	0
1.677	0.686	0	0	0	0.9219	0	0
0.7242	0.2287	0.2775	0.7899	1.246	0	0	0
0	0	0	0	2.492	0	0.7151	0
1.486	0.4193	0	0.03202	0.9717	0.2741	0	0
1.906	0	0	0	1.159	0.08721	0	0
1.696	0.2096	0	0	1.246	0	0	0
1.067	0.8385	0	0	1.009	0.2367	0	0
1.906	0	0	0	1.246	0	0	0
0.4764	2.63	0	0	0	0	0	0
1.667	0.1906	0	0	0	1.246	0	0
0.9528	0	1.249	0.8859	0	0	0	0
0.5622	0.3907	0.7045	0	0	0	1.43	0
1.648	1.21	0	0	0	0	0	0.2288
0.9528	1.191	0	0	0	0.9344	0	0
0.667	0.7623	0	0	0.6852	0.9344	0	0
0	0	0.1494	0	0	0	1.745	1.116
2.296	0.08576	0	0	0	0.6229	0	0
0.3049	0	0	0	1.246	0	1.43	0
1.458	0.4478	0	1.067	0	0	0	0
1.82	0.08576	0	1.067	0	0	0	0
0.9528	0.9528	1.067	0	0	0	0	0
0	0.8957	0	2.071	0	0	0	0
0.2668	0	0	0	0.5855	0.6603	1.43	0
0.2573	0.6956	0	0.555	0	0	1.101	0.329
0.8957	1.01	0	0	1.009	0	0	0
0	1.639	0	0	0.4485	0.7973	0	0
0.7242	2.153	0	0	0	0	0	0
2.859	0	0	0	0	0	0	0
2.058	0.8004	0	0	0	0	0	0
0	2.859	0	0	0	0	0	0
0.9528	1.868	0	0	0.02492	0	0	0
0.8766	0	0	0	0	1.968	0	0
0	0	0.6511	0.4163	0	0	0.5149	1.23
2.458	0.324	0	0	0	0	0	0
1.982	0.8004	0	0	0	0	0	0
1.01	0	1.067	0	0.6977	0	0	0
0.6384	0.7909	0	0	1.345	0	0	0
0.3049	0.6479	0.9927	0	0	0	0	0.8152
0.7146	0.4478	0	0	0.03737	1.557	0	0
0	0	0	0	1.246	0	0.02861	1.43
0	0.9528	1.334	0.4163	0	0	0	0
1.029	1.667	0	0	0	0	0	0
0.9528	0.4764	0	0	1.246	0	0	0
0	1.906	0.4697	0.2989	0	0	0	0
0.02859	1.372	0	0	0.897	0.3488	0	0
0	0	2.306	0.2989	0	0	0	0
0.9528	0.4764	0	1.089	0	0	0	0
1.906	0.05717	0	0	0.5482	0	0	0
0	0	0.491	0	0	1.246	0	0.7723
0	0	0	0	1.071	0	1.273	0.1573
0	0	1.067	0	0	0	0.4148	1.015
0	0	1.067	0	0	0	0	1.43
0	0	0.5657	0.5017	0	0	1.43	0
0	0	0	0	0.5357	1.956	0	0
0.8099	1.667	0	0	0	0	0	0
0	0	1.046	0	0	0	1.43	0
0	0	1.217	0	0	0	1.259	0
0	0	1.366	0	0	1.071	0	0
0.9528	0.4097	0.1921	0.8753	0	0	0	0
0	0	0	0	0	0	2.403	0
0.9528	0.9528	0.491	0	0	0	0	0
0.9528	0	0	0	1.246	0	0.1859	0
0.4288	0.5241	0	0	0	0	0.6436	0.7866
0.04764	0.9052	0	0	0	0	1.43	0
0.9528	0	0	0	0	0	0	1.43
1.906	0.4764	0	0	0	0	0	0
1.849	0.5336	0	0	0	0	0	0
0.2382	0.8861	0	0	0	1.246	0	0
0	0	0.1388	1.324	0	0	0.9011	0
0.9528	0	1.067	0.3416	0	0	0	0
1.277	0	1.067	0	0	0	0	0
0.3621	0	0	0	0	0	0.5435	1.43
0	0	0.8753	0	0	0	1.33	0.1001
0	0	0	0.8539	0	0	0.07151	1.359
0.7146	0.4955	0	1.067	0	0	0	0
1.906	0.343	0	0	0	0	0	0
0.8861	0.0667	0	0	1.022	0.2242	0	0
0.2763	0.6765	0	0	0.9842	0.2616	0	0
0.9528	0	0	0	1.246	0	0	0
0.9528	0	0	0	1.246	0	0	0
0	0.9528	0	0	1.246	0	0	0
0.01906	1.887	0.2562	0	0	0	0	0
0	0.9528	0	0	0	0	1.201	0
0	0.9528	0	0	0	0	1.187	0
1.887	0.2382	0	0	0	0	0	0
0.3526	0.829	0	0	0	0.1495	0.7151	0
0	0	0	0	1.246	0	0.7866	0
0.9528	0.9528	0	0.1174	0	0	0	0
0	0.9528	0.5017	0.5657	0	0	0	0
0.848	0.1048	0.4163	0.6511	0	0	0	0
0	0.9528	0.1601	0.9073	0	0	0	0
0.9528	0	1.067	0	0	0	0	0
0.505	0.4478	0.03202	1.035	0	0	0	0
0.9528	0	1.067	0	0	0	0	0
0.9528	0	0	1.067	0	0	0	0
0.6384	0.3144	1.067	0	0	0	0	0
0	0	0.7685	0	1.246	0	0	0
1.906	0	0.1067	0	0	0	0	0
0	0	0	0	0	0	1.974	0
1.906	0	0.0427	0	0	0	0	0
0	0.7051	0	0	0	1.221	0	0
0	0.8576	1.067	0	0	0	0	0
1.772	0.1334	0	0	0	0	0	0
1.277	0.6289	0	0	0	0	0	0
0.9147	0.991	0	0	0	0	0	0
1.182	0.7242	0	0	0	0	0	0
1.191	0.7146	0	0	0	0	0	0
1.21	0.6956	0	0	0	0	0	0
0.9528	0.9528	0	0	0	0	0	0
0.2382	1.667	0	0	0	0	0	0
0.7718	1.134	0	0	0	0	0	0
0.7527	1.153	0	0	0	0	0	0
0	0	0	0	0.461	0	1.43	0
0	1.887	0	0	0	0	0	0
0.9528	0	0.7045	0	0	0	0.2288	0
0.8194	0.9528	0	0	0	0	0	0
0.7813	0.9528	0	0	0	0	0	0
0.4764	0	0	0	0.9344	0.3115	0	0
0.1429	0.3335	0	0	1.246	0	0	0
0.7527	0.9528	0	0	0	0	0	0
0.7242	0.9528	0	0	0	0	0	0
0.9528	0	0	0	0	0.6977	0	0
0	0	1.644	0	0	0	0	0
0	0	1.601	0	0	0	0	0
0	0	0.5337	1.067	0	0	0	0
0	0.1239	1.334	0.1281	0	0	0	0
0.7527	0.2001	0	0	0.3613	0.2616	0	0
0.4288	0.5241	0	0	0	0.6229	0	0
0	1.572	0	0	0	0	0	0
0.829	0.7146	0	0	0	0	0	0
0.4002	0	0	1.067	0	0	0	0
0	0	0	0	0	0	1.302	0.1287
0	0	0	0	0	0	0.2002	1.23
0	0	0	0	0	0	1.43	0
0	0	0	0	0	0	0.8152	0.615
0.2382	1.191	0	0	0	0	0	0
0.5717	0.8576	0	0	0	0	0	0
0.8576	0.5717	0	0	0	0	0	0
0.9528	0.4764	0	0	0	0	0	0
1.41	0	0	0	0	0	0	0
0	0	0	0	0	0	1.373	0
0	1.372	0	0	0	0	0	0
0	1.353	0	0	0	0	0	0
0.3811	0	0.9607	0	0	0	0	0
0.9528	0.3716	0	0	0	0	0	0
0	0	0	0	0.9344	0	0.3576	0
0.7623	0	0	0	0.4983	0	0	0
0	0	0	0	1.246	0	0	0
0	0	0	0	1.246	0	0	0
0	0	0	0	0	1.246	0	0
0	0	0	0	0.06229	1.184	0	0
0	0	0	0	1.246	0	0	0
0	0	0	0	0	1.246	0	0
0	0	0	0	1.246	0	0	0
0	0	0	0	1.184	0.06229	0	0
0	0	0	0	1.246	0	0	0
0	0	0	0	0	1.246	0	0
0	0	0	0	0	1.246	0	0
0	0	0	0	1.246	0	0	0
0	0	0	0	0	1.246	0	0
0	0.8004	0	0	0	0.4236	0	0
0.1143	0	0	0	0	1.096	0	0
0	0	0	0	0	1.159	0	0
0	0	0	0	1.159	0	0	0
0.7623	0	0	0	0.3737	0	0	0
0.7813	0	0.3416	0	0	0	0	0
0	0.03811	0.8432	0.2242	0	0	0	0
0.6098	0.343	0.1174	0	0	0	0	0
0	0	0	1.067	0	0	0	0
0	0	0	1.067	0	0	0	0
0	0	1.014	0.05337	0	0	0	0
0	0	1.067	0	0	0	0	0
0	0	0.5017	0.5657	0	0	0	0
0	0	0.1388	0.9286	0	0	0	0
0	0	0.7152	0.3522	0	0	0	0
0.6289	0	0	0	0	0.4236	0	0
0	1.048	0	0	0	0	0	0
0	0	0	0	0	0	0.2861	0.7151
0.2573	0.7146	0	0	0	0	0	0
0.3144	0.6384	0	0	0	0	0	0
0.4955	0.4574	0	0	0	0	0	0
0.181	0.7718	0	0	0	0	0	0
0.4955	0.4574	0	0	0	0	0	0
0.3335	0.6193	0	0	0	0	0	0
0	0.9528	0	0	0	0	0	0
0.9528	0	0	0	0	0	0	0
0.9528	0	0	0	0	0	0	0
0.9528	0	0	0	0	0	0	0
0.8861	0.0667	0	0	0	0	0	0
0.9528	0	0	0	0	0	0	0
0.9528	0	0	0	0	0	0	0
0	0.9528	0	0	0	0	0	0
0.1239	0.829	0	0	0	0	0	0
0.9528	0	0	0	0	0	0	0
0.8861	0.0667	0	0	0	0	0	0
0.9528	0	0	0	0	0	0	0
0.6765	0.2763	0	0	0	0	0	0
0.9528	0	0	0	0	0	0	0
0	0.9528	0	0	0	0	0	0
0.9528	0	0	0	0	0	0	0
0.9528	0	0	0	0	0	0	0
0.9528	0	0	0	0	0	0	0
0	0.9528	0	0	0	0	0	0
0	0.9528	0	0	0	0	0	0
0.01906	0.9338	0	0	0	0	0	0
0.9528	0	0	0	0	0	0	0
0.2954	0.6575	0	0	0	0	0	0
0.9528	0	0	0	0	0	0	0
0.0667	0.8861	0	0	0	0	0	0
0	0.9528	0	0	0	0	0	0
0	0.9528	0	0	0	0	0	0
0.9528	0	0	0	0	0	0	0
0.9243	0.02859	0	0	0	0	0	0
0.7337	0.2192	0	0	0	0	0	0
0.9433	0.009528	0	0	0	0	0	0
0.9528	0	0	0	0	0	0	0
0	0.9528	0	0	0	0	0	0
0.9528	0	0	0	0	0	0	0
0.6575	0.2954	0	0	0	0	0	0
0	0.9528	0	0	0	0	0	0
0.9528	0	0	0	0	0	0	0
0	0.9528	0	0	0	0	0	0
0.2192	0.7337	0	0	0	0	0	0
0	0.9528	0	0	0	0	0	0
0.9528	0	0	0	0	0	0	0
0.9528	0	0	0	0	0	0	0
0.9528	0	0	0	0	0	0	0
0.9528	0	0	0	0	0	0	0
0.9528	0	0	0	0	0	0	0
0.829	0.1239	0	0	0	0	0	0
0.7909	0.162	0	0	0	0	0	0
0.9528	0	0	0	0	0	0	0
0.686	0.2668	0	0	0	0	0	0
0.6575	0	0	0	0	0	0.2717	0
0.9243	0	0	0	0	0	0	0
0	0.9147	0	0	0	0	0	0
0.9052	0	0	0	0	0	0	0
0.8861	0	0	0	0	0	0	0
0	0	0	0	0	0.8347	0	0
0	0.8194	0	0	0	0	0	0
0.8194	0	0	0	0	0	0	0
0	0	0	0	0.8098	0	0	0
0.07623	0	0	0	0	0	0.2431	0.472
0.7718	0	0	0	0	0	0	0
0	0	0	0.7685	0	0	0	0
0	0.7623	0	0	0	0	0	0
0	0	0	0.7258	0	0	0	0
0	0	0	0	0	0	0.3004	0.4148
0	0	0	0	0	0	0.6865	0
0	0.686	0	0	0	0	0	0
0	0	0.6618	0	0	0	0	0
0	0	0	0	0.6478	0	0	0
0	0	0	0	0.3613	0.2616	0	0
0	0	0	0	0.6229	0	0	0
0	0.2287	0	0	0	0	0.3719	0
0	0.07623	0	0	0.5232	0	0	0
0	0	0.5337	0	0	0	0	0
0	0	0.5337	0	0	0	0	0
0.5241	0	0	0	0	0	0	0
0	0	0.5123	0	0	0	0	0
0	0.505	0	0	0	0	0	0
0.4764	0	0	0	0	0	0	0
0.4764	0	0	0	0	0	0	0
0	0.4764	0	0	0	0	0	0
0.4764	0	0	0	0	0	0	0
0.4192	0	0	0	0	0	0	0
0	0.3049	0	0	0	0	0	0
0	0.3049	0	0	0	0	0	0
0	0	0	0	0.299	0	0	0
0.2954	0	0	0	0	0	0	0
0	0	0.2668	0	0	0	0	0
0	0	0.1921	0	0	0	0	0
0	0	0.1921	0	0	0	0	0
0	0.1715	0	0	0	0	0	0
0	0.1048	0	0	0	0	0	0
0	0	0	0	0	0	0.08582	0
0	0	0.06404	0	0	0	0	0
0.01906	0	0	0	0	0	0	0
